0,2138792,436372,1033686,1213534,2632859,1098456,2473505,2585038,1268902,1335346,2037849,2845523,2138453,1856501,542662,2007293,645285,2869426,237471,1999095,2069511,2436121,1289414,2502695,1692004,756080,869279,859324,770048,2175862,1075175,1856529,658795,1967160,907099,2750922,2846331,601232,970632,2500711,2335398,3190365,528314,2645828,252665,1901457,1855811,2518343,1956227,1272085,2897417,1417014,2385864,1652316,1392552,2027203,1458510,781712,2503826,853025,859538,2287432,2129401,1119552,3284394,2242082,2427691,1456062,2376113,887324,2527569,2746320,673860,3036986,2458470,2049675,2384718,383223,844999,1491275,808506,979966,3312125,2082850,762722,765437,722336,2105011,784292,2146148,1786710,1919950,896883,1999549,2510704,2785637,651913,1010657,1623422,1689062,640231,1741486,2018390,925533,1478862,516486,2185194,2821509,1169815,1998946,2258081,1791387,2403614,1847415,1470031,1758481,2446658,1309598,2307376,1780164,1807861,123180,2689462,680237,459245,1795039,792449,1319572,2283669,263846,1488018,784490,2153592,2938434,304415,1853920,2574743,2039774,1801568,2882226,543408,2355175,3018229,2375343,2774461,1871868,2135260,1581560,1087169
2138792,0,2571726,1411718,1568259,1869651,3134147,382760,2301766,1413770,2900210,2154483,1898828,1688142,506680,1705380,1374201,1900300,1889352,2205695,1268930,512990,2403651,1089388,1594703,2645902,2046575,1269517,2747019,2611381,3713041,2572164,3572170,2167357,2989469,1798429,2193726,2687380,1767444,1247828,1399966,272520,2424849,1646768,1881883,1924384,440453,2811060,1698624,1157782,886585,2340319,787644,3735946,542806,746451,3637093,2965730,2657617,729006,1819185,1331659,2348329,1209310,1831549,2561481,3082180,1337836,2373285,2981785,1365100,1385840,2642514,2322992,2815636,2761159,2223927,3777431,1804941,1424842,889725,1619017,1904075,2799562,1603270,2899165,2794115,1629575,2604831,1625362,3505584,372592,2443280,2639664,675415,475173,1710536,2732328,2130051,904093,562834,1666899,2383772,2306570,2677187,2237358,1753426,2299980,2693718,2208365,2382813,255863,711766,467422,527619,3255714,1305257,3700816,2308730,3853837,2198998,936706,2239705,2978854,2792083,1824969,692707,1825402,1025919,3577144,1969594,3282521,1377702,897461,2597647,2430549,3403144,2025493,1338773,863918,2187221,2611894,3531713,2163714,2894996,1911222,346114,2819947,587614,1415124
436372,2571726,0,1437540,1510951,2918803,716267,2901040,2795707,1596747,1187076,2225548,3145143,2418708,2291914,919942,2329543,904782,3172465,414446,2335438,2503922,2611722,1713412,2817897,1714358,1020878,1302788,629048,608013,1947088,1020271,1581373,780244,1930053,1166219,2996868,3014819,984509,1377574,2840509,2762711,3445489,960509,2931017,654237,2337447,1853511,2820334,2306147,1708360,3134147,1836459,2206863,2076514,1826225,1781731,1315215,706850,2909034,1111349,1293241,2458398,2476147,1352296,3528347,2229141,2770934,1534000,2412994,1281978,2870596,2911021,806422,3205486,2560686,2223621,2191906,782521,1232502,1920529,1197764,1196664,3519222,2373819,327444,543553,1121849,2196730,1122158,1981415,2216068,2029427,758828,2398597,2947058,3105896,283773,1143823,2010417,2108184,1000296,1846750,2171083,772279,1600602,922712,2355826,2985636,1279566,2131949,2694233,2222026,2822565,2261103,1196424,2087879,2294130,1394500,2067373,1936439,2184553,332717,2775751,348717,855767,2196811,1056946,1747145,2130137,661703,1208274,1205331,2534126,3135021,208566,1645448,2831756,2367714,2186302,3142223,236243,2233256,3295464,2433834,3066153,2297390,2175938,2017707,1433189
1033686,1411718,1437540,0,1460580,2638940,2131032,1792231,2813309,1396895,2263846,2385802,2786441,2222356,981128,959072,1969348,1259620,2796599,1219835,1908656,1159108,2765554,333757,2422590,2393334,644521,585962,1869325,1760093,3132925,1951658,2853821,1463726,2725136,1381023,2867612,3156534,457385,878543,2327213,1667691,3245856,544433,2653064,952469,1042832,2575154,2482946,1817541,601646,3027819,998061,3290726,1117344,783975,3000964,2373678,1293737,2003209,1354639,352090,2643328,1975503,1566489,3366338,2944669,2248504,2106918,2988807,928397,2338043,3073287,943089,3333381,2944137,2427614,3303520,912673,953673,556933,249366,1511673,3493846,2140917,1740032,1478014,315692,2644664,1123662,3044847,1160860,2447889,1859955,1601471,1658070,2658867,1682997,1676595,1376113,1197570,1020388,2301411,2447020,1894314,2052557,518213,2553596,3143882,1829044,2470914,1436410,848172,1810489,1371136,2474757,1741439,3321059,1976477,3270717,2235454,1573050,1156825,3188371,1542476,582146,1416652,1312069,391914,3165209,778841,2495346,740601,1838470,3172761,1244198,2803841,2676074,1975087,1525194,2946390,1576975,3197800,3018468,2950355,2748264,1279634,2761722,835330,1225442
1213534,1568259,1510951,1460580,0,1420225,1811530,1762197,1413740,156034,1369455,930428,1638280,924938,1599478,699068,821184,606351,1664204,1102542,838171,1804446,1320819,1436695,1306946,1096268,1713353,875297,1374623,1242903,2148730,1060784,2040770,797605,1446003,355390,1546276,1723855,1368193,591371,1340026,1636357,1979816,1098962,1433061,973420,1601160,1271259,1311961,830121,1105827,1697357,833250,2170335,1040882,1049403,2082253,1418100,1988628,1584780,406730,1109415,1190005,989312,273013,2077981,1589697,1274537,812163,1570074,533197,1372879,1633630,1800927,1908329,1486122,968398,2210071,861847,517006,1490533,1426892,392397,2132029,870544,1790621,1971515,1346973,1206081,440041,1937915,1215891,1013089,1211704,1086982,2039614,1595139,1526760,600077,699254,1005882,593264,894206,987222,1245438,692123,1261202,1096855,1706664,646696,1017121,1792027,1677139,1600837,1072330,1764864,588493,2143308,740471,2288768,784471,794933,1236273,1730228,1843034,1286232,933078,455963,1409400,2013791,1258079,1793094,727948,1126644,1775430,1488013,1845471,1365662,862355,830946,1670954,1419909,1981064,1804769,1515590,1563601,1222561,1361840,1271081,238489
2632859,1869651,2918803,2638940,1420225,0,3099074,1754279,580557,1373691,2429258,919033,251305,500194,2241182,2105804,671862,2017839,289571,2517581,731788,2350912,830668,2468013,276558,1778055,3055825,2103154,2664497,2550591,2920110,2226738,3002438,2161057,1991152,1753143,340955,916032,2699245,1823725,494620,1714883,607763,2441292,14125,2389147,2198992,1845527,172282,831003,2085221,473216,1665390,2760910,1656029,1925810,2937747,2409853,3403106,1291619,1808292,2330449,893175,698664,1572064,733185,1889957,540342,1676840,1641606,1839010,523834,914447,3190893,993872,1277225,977452,2830415,2271200,1854462,2398848,2696196,1729590,931284,550011,3178171,3391628,2637450,1366850,1851384,2604956,1741550,1337164,2471073,1220054,2256548,355893,2896565,1843787,1273914,1565290,2001492,1432670,1094774,2496045,1524166,2607614,931166,937691,1771048,1196943,2116096,2418052,1526670,1446049,2860794,914096,2650240,1741125,3034252,1210500,1092894,2655786,1403882,3257472,2647869,1316237,1864425,2414451,2595633,2655211,2888407,2025090,974492,761574,2907484,2714330,242954,663907,1156704,323388,2800885,2462054,389363,1523090,153097,1644856,1618610,2032948,1565813
1098456,3134147,716267,2131032,1811530,3099074,0,3429352,2842858,1939307,828536,2268813,3343882,2612306,2918920,1428901,2607888,1267426,3377129,949012,2641419,3137247,2607662,2383499,3059749,1539529,1735055,1898005,440160,568684,1351173,888446,943712,1021981,1630492,1463300,3098576,2977696,1687193,1889633,3132288,3292051,3548137,1618894,3109343,1241589,2957185,1619611,3035837,2641325,2318278,3213382,2358410,1666262,2607110,2406938,1172253,932500,1308810,3357635,1419149,1941535,2456045,2796885,1574352,3607420,1940779,3072536,1479367,2191022,1775877,3168229,2872186,1499001,3160347,2435836,2243659,1632811,1344091,1717630,2578108,1899267,1425838,3531003,2589954,524387,1062091,1817390,2081605,1541299,1475393,2764792,1959422,628034,2843202,3546059,3347780,448504,1264106,2440439,2620171,1471684,1790232,2159687,603550,1605469,1612859,2360067,2942308,1328727,2091106,3287916,2873915,3317366,2751378,600964,2394225,1786711,1378368,1451290,1953705,2583069,975862,2612002,832528,1551120,2655421,1385790,2409831,1630721,1353318,600030,1762259,2927819,3141904,924653,1100818,2961099,2655255,2603160,3264407,555848,1774482,3445239,2245534,3251982,2827698,1978852,2619315,1824261
2473505,382760,2901040,1792231,1762197,1754279,3429352,0,2250103,1606525,3125935,2200757,1734102,1677183,877629,2009168,1381120,2172835,1717164,2520410,1275751,832122,2394289,1471760,1479431,2793567,2423668,1608306,3026325,2889563,3905541,2806082,3799159,2435666,3126085,2036494,2092386,2630099,2135683,1542592,1261469,138395,2258613,1998956,1764854,2248039,809682,2947484,1591486,1177696,1249577,2226128,1073140,3895788,826766,1094070,3844138,3179769,3025156,480006,2064888,1693858,2362773,1173322,2034232,2395693,3183324,1214978,2538028,3048255,1653977,1237104,2599414,2694984,2737528,2787489,2273551,3943328,2123488,1711833,1272134,1994707,2128283,2663705,1600603,3227596,3151968,2000823,2678775,1895490,3674501,687879,2535318,2903201,713207,519884,1533207,3043790,2351218,1063866,809363,1958073,2502181,2369102,2940138,2390506,2114763,2329869,2642199,2408693,2455454,484298,1078424,228696,694750,3502986,1381690,3845426,2492528,4044266,2297564,1021771,2568346,2988579,3138023,2185235,830018,2080030,1408093,3732549,2320285,3530535,1696555,844929,2509793,2770878,3606920,1943341,1335210,961539,2055182,2923399,3669085,1996817,2951651,1766112,604959,2910427,961801,1648331
2585038,2301766,2795707,2813309,1413740,580557,2842858,2250103,0,1431114,2091958,578122,778073,631612,2601883,2105860,943423,1940649,819143,2425910,1042993,2743988,286965,2704311,807965,1380359,3126596,2237467,2429559,2334481,2454739,1954545,2593824,2015493,1523292,1678282,321483,385674,2778820,1942555,1034263,2189784,724468,2510186,577702,2363334,2570471,1403239,695643,1156807,2324931,381525,1922005,2256253,1981689,2191941,2496490,2046888,3366531,1813671,1732059,2475353,408262,1094038,1466174,766627,1370788,1056902,1364638,1096809,1921445,1070956,350430,3207313,532089,715734,599277,2329963,2263663,1918619,2679651,2819948,1612353,727304,720336,3012802,3309779,2746585,884708,1848204,2125662,2102749,920131,2228548,1626951,2727796,932454,2718164,1657318,1546750,1897260,2000761,1065167,691052,2246626,1240260,2673798,490812,393191,1542320,775729,2556413,2756214,2021882,1817947,2511871,1105688,2131777,1467441,2557533,889990,1411944,2580835,823922,3143946,2699965,1663745,1792724,2659394,2095840,2664404,2537839,2118995,1417719,362457,2825996,2287959,339424,969828,1485789,500065,2639064,1946043,711699,976842,678211,2026450,1118391,2344721,1620041
1268902,1413770,1596747,1396895,156034,1373691,1939307,1606525,1431114,0,1523047,992638,1578489,892194,1460883,733619,738907,701644,1601452,1183369,738723,1662188,1368663,1341485,1233835,1242817,1705993,812901,1505842,1372047,2304646,1211079,2195069,918674,1591393,476058,1532071,1762086,1353458,518416,1243780,1480406,1952612,1087103,1387080,1020498,1459505,1415239,1251419,714358,993439,1687675,690916,2323169,889849,920482,2238174,1573407,2031072,1438211,521113,1051021,1248041,881207,427838,2057820,1722908,1174374,962446,1685790,490621,1273947,1677088,1819967,1941798,1573716,1039321,2363802,899143,492321,1377282,1389051,536107,2136348,826575,1888340,2033461,1315628,1315072,484952,2091852,1064218,1126647,1350040,935785,1885938,1517742,1634570,751010,544325,851967,630673,1021851,1073488,1384653,835730,1252849,1160907,1748246,802649,1115068,1639663,1548147,1447054,916298,1914530,492299,2293351,895381,2444613,889140,650187,1305268,1816433,1919532,1286076,777893,560887,1309094,2165698,1281929,1942652,687931,989484,1793384,1555606,2001463,1345646,773486,681500,1643498,1523835,2129072,1762289,1624183,1510923,1067843,1485936,1136172,194364
1335346,2900210,1187076,2263846,1369455,2429258,828536,3125935,2091958,1523047,0,1538437,2680169,1975990,2818522,1339289,2049963,1056603,2717038,1100502,2109032,3038430,1835958,2423051,2442468,731448,2090338,1835143,565073,587400,871023,333234,673453,809448,805156,1102123,2373329,2183372,1901221,1698851,2557787,2996774,2812902,1721410,2437657,1319488,2839314,793042,2396906,2139758,2230067,2471442,2119526,1050525,2358063,2257240,754927,128202,1893378,2946424,1085002,1973698,1690008,2269373,1096604,2857542,1116089,2510397,752420,1362630,1580441,2597767,2078892,1954559,2360549,1620568,1499671,1051335,1352127,1522137,2570310,2084719,998943,2749042,1974695,1209156,1702319,1989142,1276198,1303270,811679,2531830,1178483,443235,2455843,3357802,2719304,946693,774761,2067156,2342154,1320042,1027319,1400981,420871,907508,1794256,1601287,2146137,736555,1319186,3101227,2832766,2970056,2431869,431998,1882175,1117220,705727,1010751,1226650,2158171,1233866,1787220,1471739,1757752,2300202,1088068,2427784,953158,1583668,459925,1660627,2472609,2363569,1352077,541530,2258688,2103184,2198894,2547894,951400,1046372,2742641,1419590,2581195,2561362,1153749,2488861,1486062
2037849,2154483,2225548,2385802,930428,919033,2268813,2200757,578122,992638,1538437,0,1168469,574055,2352812,1589276,824413,1393163,1207921,1865985,927369,2526839,399960,2329481,1007915,860264,2626205,1799932,1852328,1756378,2004783,1380481,2086250,1445874,1082718,1139463,836071,810428,2289371,1508358,1188054,2110083,1281315,2020564,925110,1828350,2334946,929527,930414,1023135,1968306,944605,1605672,1866688,1729809,1866492,2018820,1506162,2816246,1838973,1190735,2036478,259961,1051870,922034,1338879,1030817,1170812,795683,850745,1462366,1230756,713435,2679078,1000248,612173,74003,1932330,1739125,1447338,2345610,2356956,1058092,1294328,626194,2436126,2746448,2275854,497625,1339067,1696059,1880926,421754,1651573,1501806,2617439,1247650,2140924,1083306,1284697,1658925,1487121,518666,187681,1670357,663772,2178817,168279,788158,964464,290411,2407816,2476564,1985031,1631096,1965726,850308,1770564,891147,2122161,315899,1217800,2024429,844397,2574220,2196623,1465450,1251440,2293582,1699274,2139993,1992610,1658190,1366148,909558,2265565,1795498,724712,874706,1290717,1009488,2063487,1582607,1205518,750999,1065295,1833522,749266,2055556,1161019
2845523,1898828,3145143,2786441,1638280,251305,3343882,1734102,778073,1578489,2680169,1168469,0,734679,2308685,2312013,849508,2241394,41430,2740083,886624,2397596,1049077,2592988,364293,2028226,3234527,2271401,2908003,2792307,3166227,2474680,3253141,2395069,2235539,1979058,478499,1063177,2878028,2001572,502434,1714333,527195,2625679,243906,2598664,2260971,2092623,327192,969701,2214387,550332,1796223,2999880,1754633,2046520,3186439,2661154,3609008,1256584,2033819,2492017,1126965,812423,1805263,664360,2123578,572636,1927777,1865470,2027424,513140,1082380,3384312,1102372,1491400,1225319,3070424,2477502,2047712,2505013,2860944,1962757,936020,771622,3410838,3607879,2807550,1606548,2061495,2848699,1818690,1584759,2715874,1287190,2249299,205497,3132138,2085241,1410556,1663229,2209103,1683376,1341860,2741442,1774533,2791200,1172422,1091501,2017117,1443321,2134765,2495360,1512614,1525770,3111795,1099913,2885454,1990430,3278874,1461755,1216807,2874110,1596048,3480681,2835168,1414688,2088505,2536438,2835495,2854063,3139437,2207205,1029773,870301,3125778,2963963,464528,828419,1272186,355887,3034267,2697711,265128,1745962,104744,1712594,1856063,2130057,1766967
2138453,1688142,2418708,2222356,924938,500194,2612306,1677183,631612,892194,1975990,574055,734679,0,1970847,1617620,315558,1518556,766202,2018381,419421,2116528,719626,2089777,467950,1377109,2593380,1661917,2175187,2058271,2544155,1750958,2580888,1661880,1640227,1253356,647733,1013185,2238434,1372410,619982,1601231,1060490,1975079,512321,1897393,1940395,1476778,424831,531942,1707472,806963,1297753,2430159,1350077,1567346,2540691,1969701,2912548,1282847,1308570,1896229,688809,504478,1072428,1166565,1604865,597608,1229450,1413012,1372732,662655,958637,2711719,1162616,1115998,646983,2493203,1782386,1381824,2054128,2253944,1229993,1271654,88725,2678646,2894565,2188321,1071294,1360715,2248309,1472809,981329,1984671,1013649,2129816,744275,2398265,1351327,917065,1265779,1512438,1030655,760864,2011126,1069743,2141413,669275,1014625,1289281,861791,1943926,2124678,1453656,1191282,2407608,485406,2340214,1274923,2667612,798037,781324,2158160,1311427,2757879,2177092,1034363,1365074,2042161,2262201,2172118,2435711,1565175,832254,970285,2409715,2309163,457479,349722,855581,751317,2301560,2152865,880326,1305643,649225,1400080,1323298,1714134,1086431
1856501,506680,2291914,981128,1599478,2241182,2918920,877629,2601883,1460883,2818522,2352812,2308685,1970847,0,1517796,1658945,1768569,2304959,1970268,1562400,221314,2656685,647372,1975870,2693653,1625585,1023894,2571467,2441493,3669922,2485302,3475163,2031539,3043937,1738098,2543951,2983885,1391986,1120800,1806765,778769,2825720,1332914,2254422,1678012,68200,2870286,2069165,1449027,603611,2698624,770769,3742349,626362,565334,3571964,2902067,2268623,1221291,1743642,1000045,2576625,1547237,1829880,2959932,3183594,1736321,2404984,3130650,1238340,1800404,2925377,1921388,3130584,2964237,2415593,3774169,1576725,1296395,425928,1213954,1861928,3169043,1882272,2615325,2434622,1245672,2753868,1515703,3502168,502205,2574090,2497192,1023951,678763,2134168,2490340,2081696,1073035,706099,1510091,2481421,2479534,2534801,2291575,1404367,2512176,2984186,2191224,2540526,458880,205917,970246,796219,3129086,1521177,3730090,2313763,3811888,2330347,1189971,1969828,3196440,2466108,1477244,940082,1732793,591139,3592654,1648004,3154086,1177801,1279212,2926227,2125988,3347229,2363017,1636576,1116404,2564375,2372480,3574173,2569615,3058170,2305705,597358,2941739,333391,1393973
542662,1705380,919942,959072,699068,2105804,1428901,2009168,2105860,733619,1339289,1589276,2312013,1617620,1517796,0,1468945,300769,2334644,516540,1457552,1738976,1988467,1084437,1964960,1443072,1039495,501944,1055890,924311,2209095,1013519,1972614,530459,1768823,464983,2245182,2397630,718018,467297,1958329,1871069,2676373,461103,2119061,290367,1548842,1623378,1984998,1413565,915194,2396412,936083,2342049,1183083,982628,2091578,1439488,1297596,1990159,424136,640053,1847324,1586771,678829,2776360,1999238,1885123,1163330,2070442,363470,1984986,2302446,1102604,2585654,2080256,1613564,2359230,165530,312572,1234041,835597,582013,2828104,1556795,1237747,1307440,742024,1750535,259086,2096014,1336952,1555125,982376,1478781,2121594,2246059,1034972,720873,1091592,1203982,105804,1391843,1604062,1019740,1131251,602365,1748104,2376923,877711,1605427,1862636,1506747,1914128,1348820,1615464,1219030,2365629,1026769,2349553,1372710,1270358,599245,2321179,1214133,610685,1277628,370980,1088538,2211641,559431,1639781,340481,1618393,2465710,840703,1880060,2063599,1499821,1268412,2367176,914745,2239335,2493568,2045937,2244285,1404735,1835840,1202726,546893
2007293,1374201,2329543,1969348,821184,671862,2607888,1381120,943423,738907,2049963,824413,849508,315558,1658945,1468945,0,1426427,869139,1918197,106438,1801596,1029925,1811568,496079,1531781,2388459,1431728,2167777,2041558,2697807,1787656,2688421,1611475,1829657,1174896,912575,1327050,2031762,1155125,524463,1297699,1276946,1777136,685938,1757759,1627050,1656939,526688,216677,1427805,1072655,1010763,2620184,1041973,1277616,2674879,2063033,2763452,1018396,1227396,1658589,984093,236995,1033829,1397094,1836493,466263,1334302,1675093,1177946,560489,1274110,2534826,1471711,1406899,898086,2677939,1634000,1198535,1760736,2024512,1185559,1545786,229199,2611799,2772210,1966656,1314103,1223815,2421768,1159328,1192133,1989378,701286,1820487,778869,2345873,1349842,621318,955833,1367755,1200118,1000479,2019733,1171801,1942968,948765,1329456,1325056,1093542,1630061,1816984,1162302,875971,2474918,250922,2544973,1346191,2827765,973533,469153,2043710,1613334,2656724,1986040,720334,1277081,1760750,2452562,2005736,2503421,1359122,541824,1270995,2294348,2438229,722860,55398,542558,977451,2240437,2360685,1057660,1574564,793018,1084751,1556959,1411074,922151
645285,1900300,904782,1259620,606351,2017839,1267426,2172835,1940649,701644,1056603,1393163,2241394,1518556,1768569,300769,1426427,0,2268270,499827,1437030,1989480,1792026,1377243,1913235,1151340,1284865,780210,853622,716795,1921945,725685,1706643,267597,1471506,266911,2114956,2202493,990713,659470,1941510,2036936,2558757,749014,2030292,444491,1793183,1329922,1916040,1415951,1174707,2258677,1113343,2044227,1361371,1213825,1811458,1150505,1426063,2091500,211607,938632,1644303,1582456,474549,2648536,1709380,1873767,878985,1796848,539781,1972949,2103167,1293453,2392920,1837008,1406785,2063098,386738,479741,1515130,1127307,337082,2667913,1470733,1187543,1380256,1032101,1494097,277361,1798317,1527714,1302384,740220,1576540,2339033,2201488,934432,427621,1174307,1364622,263612,1130658,1380806,777877,866341,873720,1542422,2178312,588652,1368689,2079915,1776381,2052035,1487493,1365220,1187955,2065465,737937,2063155,1143597,1325305,644298,2073716,1239772,867673,1388024,153501,1377293,1912106,766538,1391057,604195,1674004,2293261,894216,1594155,1942908,1465981,1340240,2252350,822435,1938566,2397961,1780556,2163874,1577989,1559108,1442837,561161
2869426,1889352,3172465,2796599,1664204,289571,3377129,1717164,819143,1601452,2717038,1207921,41430,766202,2304959,2334644,869139,2268270,0,2766490,901949,2390315,1090488,2599064,378092,2067401,3250693,2286002,2940775,2824426,3206594,2509458,3291987,2424775,2276141,2006687,517906,1101104,2894372,2018363,498385,1700469,541535,2643334,282861,2621915,2256373,2132772,352276,981696,2221586,584827,1804290,3041004,1757037,2052382,3226216,2698873,3631069,1238553,2061316,2505115,1168228,821239,1834979,678714,2164912,571140,1964726,1906895,2046370,505696,1121719,3403590,1136921,1532699,1265231,3111481,2500061,2067666,2507770,2874434,1992382,959264,800123,3439914,3632458,2822148,1647565,2085191,2889403,1817286,1624770,2749189,1285459,2233614,184109,3162147,2117423,1420487,1665700,2232119,1722211,1381957,2775004,1810924,2808595,1213263,1129873,2051090,1483563,2123267,2493103,1497086,1525431,3148771,1119970,2926755,2026038,3319475,1499915,1225073,2899402,1636468,3507086,2853331,1417860,2115595,2542014,2876557,2874749,3176454,2224677,1027250,905571,3150988,3003403,505833,845833,1278773,389669,3063625,2738992,279698,1787382,145840,1709805,1897234,2131620,1788906
237471,2205695,414446,1219835,1102542,2517581,949012,2520410,2425910,1183369,1100502,1865985,2740083,2018381,1970268,516540,1918197,499827,2766490,0,1922069,2188311,2260344,1444940,2408547,1466264,993135,951942,649780,546977,1947968,837934,1641125,442461,1733768,765877,2610952,2668633,813292,982299,2427088,2382082,3056436,684309,2530059,292588,2009395,1626609,2414214,1891782,1370936,2752566,1448746,2150872,1693645,1467905,1803242,1222738,958299,2505395,710510,996593,2109186,2061979,964401,3144172,2012418,2357143,1241232,2155848,879894,2456866,2566816,899964,2859705,2255665,1871772,2151091,401169,827520,1632823,1011118,813902,3152703,1970028,723023,884735,919439,1897774,707765,1910371,1841895,1717324,665463,1992710,2603954,2695750,526885,807520,1600782,1718420,589411,1536546,1831615,695807,1277416,715340,2006430,2641952,961223,1804690,2347059,1926449,2430064,1865199,1257970,1675101,2209859,1095319,2081161,1593579,1772045,165040,2482524,740606,668706,1792850,653320,1467239,2047047,485041,1277656,828056,2121954,2773338,400107,1623869,2440898,1955479,1775615,2750739,406677,2117705,2897724,2160087,2663332,1915452,1915069,1674541,1018759
1999095,1268930,2335438,1908656,838171,731788,2641419,1275751,1042993,738723,2109032,927369,886624,419421,1562400,1457552,106438,1437030,901949,1922069,0,1700995,1135860,1737966,523881,1613889,2348769,1384800,2201977,2073374,2776231,1837336,2754814,1634953,1918369,1193548,994604,1427664,1992513,1116978,505072,1191428,1339548,1742895,745902,1747717,1528891,1744192,574533,113834,1354617,1153529,935258,2707464,950108,1198798,2748383,2127388,2745576,921393,1244323,1606695,1090438,160357,1068419,1463569,1933685,436864,1405806,1777592,1150046,535919,1376857,2506496,1568897,1512869,1000798,2763915,1621362,1175516,1678157,1974997,1215699,1627334,334475,2624554,2764507,1920937,1414303,1219850,2505512,1061397,1287431,2028245,595282,1714135,792436,2364527,1391593,543541,862413,1358964,1287426,1101267,2059658,1244160,1907690,1054211,1431069,1378142,1192771,1524760,1724165,1057943,774954,2530606,249748,2635660,1408903,2907599,1063924,375842,2041644,1719767,2657164,1953753,622414,1290903,1685445,2540169,1983639,2559141,1324159,439451,1364268,2290820,2510918,807531,74322,447175,1046453,2256539,2452285,1110068,1678117,840724,983500,1655063,1322511,912086
2069511,512990,2503922,1159108,1804446,2350912,3137247,832122,2743988,1662188,3038430,2526839,2397596,2116528,221314,1738976,1801596,1989480,2390315,2188311,1700995,0,2815573,828774,2079663,2900385,1799473,1244126,2792255,2662503,3888073,2705196,3695978,2252710,3250363,1954867,2664881,3128457,1587027,1339983,1895837,762780,2921048,1543618,2363695,1895835,203589,3075638,2178715,1587184,824379,2816190,971613,3956015,798603,782655,3791464,3121037,2452636,1239580,1961645,1210701,2742964,1668283,2040743,3056895,3382297,1829741,2613336,3319412,1458009,1884863,3074843,2102140,3268264,3139012,2591672,3988897,1796212,1516346,604907,1400117,2077431,3282085,2028690,2825905,2628260,1439527,2941640,1735293,3716666,648325,2765352,2718506,1132667,512509,2213986,2706768,2298357,1242153,868160,1731304,2679089,2660683,2756115,2496197,1606927,2682982,3131022,2405104,2725604,354809,314731,972206,926042,3350375,1684557,3941004,2525396,4030040,2520620,1337096,2184170,3367691,2668722,1679533,1082749,1951921,778945,3805128,1855127,3375387,1399063,1377566,3057771,2334287,3566046,2489032,1774287,1262259,2672223,2589373,3783140,2661485,3243433,2403544,717693,3135915,550294,1604886
2436121,2403651,2611722,2765554,1320819,830668,2607662,2394289,286965,1368663,1835958,399960,1049077,719626,2656685,1988467,1029925,1792026,1090488,2260344,1135860,2815573,0,2689910,1019838,1113608,3024250,2181126,2205707,2118945,2168962,1722982,2316377,1834520,1238707,1539374,607627,410604,2685352,1887064,1237437,2320643,1000790,2416233,830611,2228188,2631950,1123937,914973,1245956,2319639,659898,1936407,1969627,2030418,2203545,2213510,1783429,3213225,1983537,1590500,2418918,154137,1221139,1321834,1027936,1084753,1245879,1130167,816648,1848869,1277383,314083,3079014,600902,446730,388837,2043158,2138967,1837276,2689122,2747092,1456157,924307,801593,2809705,3137756,2667788,601397,1736975,1839108,2167611,657504,2004275,1731137,2849107,1186541,2512807,1467942,1584651,1951884,1885881,817831,450096,2019526,1022801,2575663,256030,388458,1337980,518285,2659500,2795905,2169152,1896566,2249415,1135698,1846410,1246028,2270917,676516,1480285,2420076,601237,2960336,2594772,1734769,1651166,2650254,1808958,2539910,2274782,2045995,1549933,534750,2659102,2007891,589762,1068442,1555237,786930,2441156,1660223,998461,696986,946232,2104558,831591,2377073,1545764
1289414,1089388,1713412,333757,1436695,2468013,2383499,1471760,2704311,1341485,2423051,2329481,2592988,2089777,647372,1084437,1811568,1377243,2599064,1444940,1737966,828774,2689910,0,2233271,2456715,978231,606646,2083604,1964206,3293376,2097913,3044635,1613609,2800039,1439522,2723105,3064595,762551,849635,2114393,1351331,3075071,764621,2482071,1158306,709312,2639340,2304649,1637127,383764,2883499,802765,3420266,861481,546728,3173427,2523894,1624621,1714809,1425173,454416,2580064,1782063,1595187,3200949,2992950,2036672,2164221,3002818,935821,2120415,2988619,1275459,3233326,2914944,2379328,3440236,1086548,978397,224196,571346,1572718,3355540,2004113,2027311,1800656,614698,2642521,1183355,3174601,871606,2448585,2047057,1354408,1324592,2449723,1940207,1765062,1194491,949190,1117260,2318827,2414573,2083258,2086479,795363,2497469,3056102,1904608,2451920,1103211,522306,1506005,1114144,2675624,1604522,3435043,2045912,3433661,2220833,1378494,1410042,3157875,1850323,866305,1187542,1394026,64835,3284797,1053038,2698134,786709,1603967,3056711,1531019,2964200,2532270,1808756,1320826,2784417,1827931,3298758,2836499,2951876,2565060,993314,2786520,531590,1199047
2502695,1594703,2817897,2422590,1306946,276558,3059749,1479431,807965,1233835,2442468,1007915,364293,467950,1975870,1964960,496079,1913235,378092,2408547,523881,2079663,1019838,2233271,0,1840193,2872648,1908030,2620477,2499210,3003633,2209952,3048473,2084135,2089485,1655977,612993,1169486,2516369,1640554,227411,1438433,852615,2265923,288129,2253570,1931785,1931383,114297,605458,1853277,749751,1434292,2874562,1403470,1687497,3004999,2437549,3259391,1021187,1709761,2127884,1048697,451212,1496960,985147,2025860,264505,1697267,1802775,1670249,263014,1155289,3027523,1261658,1461253,1076125,2940186,2130059,1692874,2151733,2496958,1652929,1204902,471805,3093634,3267248,2444189,1492056,1718732,2701502,1479020,1427719,2434214,952250,1980179,289758,2821628,1795647,1047106,1312150,1863537,1492525,1194459,2462173,1537195,2431012,1062752,1187116,1746066,1297860,1840211,2156659,1251434,1183808,2873733,746671,2775971,1739556,3124676,1260938,855223,2537084,1614818,3148350,2476264,1062623,1761934,2177539,2707187,2500750,2901909,1847202,702103,1031639,2788154,2774677,476273,469156,913075,593009,2719463,2587644,604369,1687829,333784,1378586,1746886,1780294,1418216
1692004,2645902,1714358,2393334,1096268,1778055,1539529,2793567,1380359,1242817,731448,860264,2028226,1377109,2693653,1443072,1531781,1151340,2067401,1466264,1613889,2900385,1113608,2456715,1840193,0,2414177,1852935,1184200,1133269,1169475,705210,1226270,1034569,350348,1019144,1676681,1452020,2139874,1621541,1992396,2678901,2104775,1899844,1784546,1566536,2696968,182715,1775482,1675289,2169947,1761860,1929505,1103444,2131933,2136897,1165043,670190,2397616,2520968,1040025,2053648,973086,1767382,871750,2140632,558549,1959284,293252,698681,1523294,2034610,1347685,2364764,1629277,896393,808236,1154759,1535161,1478435,2548718,2277458,886127,2019312,1399002,1834236,2257682,2182761,545130,1277823,892238,2305440,460351,992786,2083988,3120650,2097488,1541976,723810,1746774,2089193,1373232,347996,697884,996350,408676,2023095,891893,1414701,565449,605444,2878884,2760588,2604325,2129694,1136197,1431736,1055359,416977,1296904,579382,1773676,1629193,1082551,2046526,2011661,1974071,1081281,2442059,939137,1884530,1161359,1675249,2031103,1635577,1824138,937214,1582843,1587177,1832036,1855374,1501670,886733,2057977,725278,1925358,2300400,462454,2363073,1303064
756080,2046575,1020878,644521,1713353,3055825,1735055,2423668,3126596,1705993,2090338,2626205,3234527,2593380,1625585,1039495,2388459,1284865,3250693,993135,2348769,1799473,3024250,978231,2872648,2414177,0,970261,1590500,1516505,2920589,1828722,2581873,1385221,2707279,1501944,3237350,3431901,356700,1233389,2813682,2295298,3649993,618904,3069705,848922,1687332,2585280,2915012,2275033,1190095,3393539,1524700,3140562,1695030,1366265,2765970,2214159,667031,2595836,1457007,777438,2885095,2444796,1717809,3759729,2970882,2735461,2157053,3079108,1220688,2831096,3338324,314486,3618522,3115477,2652369,3137745,902610,1213673,1200718,430226,1610040,3840479,2521700,1262558,885300,445161,2777916,1287285,2901665,1768173,2584777,1649685,2152075,2301831,3133007,1301649,1702223,1858500,1764361,1139627,2415132,2643329,1676720,2151048,453384,2786539,3412435,1865311,2642286,2080730,1486029,2424042,1940240,2193660,2141958,3202734,2012433,3049045,2410937,2060425,857837,3354673,1005250,429599,1953027,1399447,1036016,3039707,530055,2208766,1030848,2366742,3488592,812673,2602576,3049644,2406254,2027164,3342216,1223647,3110047,3444393,3065315,3181476,1881433,2839975,1461904,1512480
869279,1269517,1302788,585962,875297,2103154,1898005,1608306,2237467,812901,1835143,1799932,2271401,1661917,1023894,501944,1431728,780210,2286002,951942,1384800,1244126,2181126,606646,1908030,1852935,970261,0,1548748,1420196,2702080,1505572,2474210,1029686,2194685,834232,2309625,2574662,618550,295244,1843504,1470744,2704939,406296,2117188,662483,1059694,2035648,1955984,1306872,420814,2468794,582458,2817400,797341,523466,2589267,1930704,1460388,1682408,818623,238276,2057694,1475452,999717,2820344,2393958,1765238,1561258,2418778,345826,1860842,2489988,1167165,2753322,2360477,1841690,2839247,553993,379104,735199,593493,967467,2929279,1584145,1630205,1555421,536163,2067592,577004,2572126,920445,1871431,1483956,1205055,1652666,2164197,1477020,1158566,888873,846893,517012,1731586,1862356,1521226,1490837,552979,1967674,2561108,1298309,1888712,1396664,1004846,1553263,1016629,2117045,1191398,2829389,1440455,2843204,1653859,1090618,971547,2604694,1529881,613741,1000771,787676,599972,2680060,717867,2141191,180219,1404529,2598557,1163146,2374030,2118914,1445295,1059726,2400359,1357591,2692177,2489282,2375102,2222919,1011920,2196590,722650,639511
859324,2747019,629048,1869325,1374623,2664497,440160,3026325,2429559,1505842,565073,1852328,2908003,2175187,2571467,1055890,2167777,853622,2940775,649780,2201977,2792255,2205707,2083604,2620477,1184200,1590500,1548748,0,136880,1332612,487870,997351,595434,1344292,1030138,2675320,2587953,1457620,1499441,2692158,2890226,3126306,1330615,2675000,926023,2604102,1295301,2598021,2203558,1967897,2794930,1962850,1579051,2211651,2037447,1175508,692136,1332018,2932823,988435,1630477,2052412,2357883,1134395,3190453,1652172,2632568,1076687,1868977,1381939,2728153,2482303,1419548,2774192,2072767,1832345,1566346,1003418,1322285,2261394,1659438,986860,3129863,2151255,657301,1137267,1568649,1710758,1130883,1352382,2375020,1570674,201453,2420070,3174718,2908814,382156,825031,2017090,2217692,1081094,1394455,1755662,189121,1189353,1363745,1953837,2554290,898261,1694808,2915430,2547562,2904129,2340623,610787,1955250,1665142,962454,1459070,1539899,2152882,742155,2266692,907321,1313673,2236836,959560,2101276,1501202,1122325,629269,1396191,2495299,2740302,809134,1021855,2532680,2215254,2175993,2838215,393120,1607800,3015352,1907767,2817185,2429826,1641915,2258612,1400224
770048,2611381,608013,1760093,1242903,2550591,568684,2889563,2334481,1372047,587400,1756378,2792307,2058271,2441493,924311,2041558,716795,2824426,546977,2073374,2662503,2118945,1964206,2499210,1133269,1516505,1420196,136880,0,1406141,428123,1095010,459026,1325563,896039,2572244,2507709,1360189,1364114,2566016,2753519,3023855,1217981,2561365,810421,2473141,1259190,2479670,2072641,1838183,2695457,1826699,1629448,2075430,1904409,1257584,715204,1314143,2796932,853385,1510123,1965032,2228471,1007744,3091595,1628187,2505408,996580,1827593,1246294,2601546,2402258,1367914,2695588,2009380,1740375,1623042,879790,1186543,2137840,1557327,857676,3041651,2031557,703777,1140777,1464801,1645230,994089,1395339,2239241,1495394,150843,2283888,3040734,2788146,408932,707069,1880880,2081024,946328,1315936,1669207,166735,1097245,1261724,1865036,2475149,794360,1613868,2781399,2421546,2767292,2203743,714857,1825830,1703736,872954,1537328,1447342,2018044,659396,2211548,919773,1215628,2100199,823430,1979871,1539529,1029183,736008,1264792,2361275,2652466,764873,1086113,2425300,2088321,2040430,2732480,377842,1632114,2906118,1858436,2702902,2293385,1595149,2126727,1263963
2175862,3713041,1947088,3132925,2148730,2920110,1351173,3905541,2454739,2304646,871023,2004783,3166227,2544155,3669922,2209095,2697807,1921945,3206594,1947968,2776231,3888073,2168962,3293376,3003633,1169475,2920589,2702080,1332612,1406141,0,1196622,422246,1680078,933321,1934623,2771121,2407715,2758699,2549523,3161231,3782709,3163562,2589412,2925160,2184579,3686803,1075287,2933279,2830533,3089855,2826885,2947079,366489,3176438,3105422,181641,771568,2625712,3670196,1926431,2844647,2055565,2931993,1881725,3172048,1121586,3128748,1378697,1429656,2433219,3203539,2316375,2749222,2548482,1803698,1943172,305900,2222355,2376461,3437074,2948030,1816844,2978945,2568268,1860178,2396640,2853176,1571487,2156342,339052,3351906,1583693,1283247,3209137,4179916,3252292,1670758,1592407,2842410,3150363,2185460,1513642,1825402,1252176,1536398,2654990,1996788,2366326,1504731,1723203,3927081,3694126,3730863,3220315,761428,2579894,529740,1413013,141968,1746403,2900965,2065183,1866191,2161617,2614317,3075827,1938145,3297083,434438,2432810,756215,2525777,3182423,2629713,2138487,329512,2707575,2753169,2952129,2951879,1717236,627252,3161769,1536977,3061813,3368732,1339601,3337807,2303327
1075175,2572164,1020271,1951658,1060784,2226738,888446,2806082,1954545,1211079,333234,1380481,2474680,1750958,2485302,1013519,1787656,725685,2509458,837934,1837336,2705196,1722982,2097913,2209952,705210,1828722,1505572,487870,428123,1196622,0,1000265,488343,913358,774000,2211762,2101374,1610329,1365658,2305893,2675426,2660533,1413596,2236371,1021243,2506117,834124,2175738,1857689,1897597,2325085,1789332,1340659,2029540,1924069,1087431,425981,1717647,2645014,754095,1651560,1570433,1997183,791112,2718979,1209128,2253067,592853,1399928,1247208,2344376,1995705,1727653,2287051,1586524,1355458,1351869,1039331,1188911,2240687,1784129,678419,2647225,1738213,1129739,1560935,1687814,1223666,970060,1095435,2202656,1083282,289870,2146802,3027465,2493859,836768,460715,1752743,2016222,989296,908384,1273640,299001,717646,1499392,1473298,2067368,464635,1209308,2770394,2500787,2656270,2111358,704160,1601129,1383131,491246,1337642,1065261,1855077,988615,1784891,1344759,1469325,1984344,755269,2100686,1222795,1307323,732442,1329844,2179381,2257715,1150636,868492,2078402,1838966,1891549,2379290,799959,1281730,2563597,1430452,2379823,2235168,1167029,2155646,1160662
1856529,3572170,1581373,2853821,2040770,3002438,943712,3799159,2593824,2195069,673453,2086250,3253141,2580888,3475163,1972614,2688421,1706643,3291987,1641125,2754814,3695978,2316377,3044635,3048473,1226270,2581873,2474210,997351,1095010,422246,1000265,0,1446029,1100125,1773747,2898130,2606084,2453163,2360001,3182391,3670184,3316543,2310338,3009277,1901925,3498886,1192664,2991387,2793427,2879911,2974271,2789538,774543,3029662,2917906,241166,629177,2238866,3611438,1754284,2590631,2185859,2914501,1767757,3341400,1358883,3140614,1357330,1662123,2240648,3223534,2507728,2387794,2763816,2005111,2034292,723767,1958895,2181436,3205921,2652120,1672361,3182600,2590734,1462172,2001015,2559792,1717548,1965021,652559,3202906,1681218,997888,3125684,4027551,3314659,1299061,1448146,2739377,3015058,1966891,1569778,1922431,962131,1519935,2356402,2111927,2565699,1400735,1826541,3770241,3478182,3641586,3105240,388251,2536581,924061,1347025,508504,1794468,2825459,1739399,2109936,1767838,2308826,2972711,1753404,3055328,794218,2119103,373686,2305053,3133069,2813976,1781191,319688,2809045,2742804,2868246,3077882,1360848,975805,3282392,1754779,3150708,3234199,1519819,3148292,2158967
658795,2167357,780244,1463726,797605,2161057,1021981,2435666,2015493,918674,809448,1445874,2395069,1661880,2031539,530459,1611475,267597,2424775,442461,1634953,2252710,1834520,1613609,2084135,1034569,1385221,1029686,595434,459026,1680078,488343,1446029,0,1322431,443958,2221294,2240023,1136929,926829,2134199,2300370,2671421,927980,2172717,547822,2057652,1201702,2074875,1626650,1434107,2356234,1380057,1827253,1627661,1479700,1561119,912821,1398575,2338129,397655,1164771,1681827,1786913,589815,2751257,1587940,2070426,799484,1717510,807218,2168110,2137039,1332606,2431014,1813863,1445841,1839931,552292,747142,1763845,1301856,432404,2739108,1625114,1017355,1303827,1205357,1455377,542497,1581522,1794767,1275888,472649,1824887,2606589,2373889,737805,369124,1421872,1628790,521538,1094645,1398523,510292,837144,1023152,1579065,2211966,519118,1366777,2347445,2032436,2309572,1747236,1098947,1385585,1862767,653303,1820139,1161726,1561112,607486,2040093,1128683,999794,1641494,364581,1618882,1704682,855416,1124530,859046,1906063,2355432,830720,1350743,2060241,1655536,1582108,2370619,639856,1749803,2530724,1718848,2311076,1843322,1476639,1707717,804948
