0,3296,2422,3166,6111,2887,4201,2434,3449,3669,1392,1432,5722,4150,4586,2453,1292,1987,5483,3776,1966,3831,6929,1509,6620,4931,2034,7392,921,2588,6019,1384,3558,4453,4973,18,4229,4141,2661,5487,5290,643,5100,5688,3056,5813,513,5469,6165,3211,2051,6932,5794,1545,3319,6731,6148,431,3369,4321,8032,6578,4399,6709,941,5071,5212,5984,6214,2704,2030,5503,5547,4197,4373,4246,5010,3287,4120,5274,6635,3001,6423,4235,6233,1615,3715,1544,6341,5839
3296,0,3674,3870,3466,3177,2935,2460,4241,2208,4306,2036,2579,3456,1492,3415,2410,3937,2569,480,3486,1878,5740,3962,4201,2677,1561,5940,2992,4489,2796,3287,6373,2602,1781,3286,3107,2776,3583,2274,2558,3890,4990,3232,2271,2517,3270,2180,4161,4342,3931,5750,4567,4318,4867,5044,2894,3717,1047,2644,4774,4664,1945,4259,2378,1858,2849,2701,3584,4748,5199,2210,3445,1722,2698,2232,4941,6004,873,5150,4215,818,3707,1568,3131,1787,4616,4662,3195,2543
2422,3674,0,778,5010,905,2586,1270,5750,2467,1872,3022,5260,2189,5164,305,1666,4397,4761,4075,4301,2891,4790,1266,5250,3760,3391,5338,1553,902,5672,1039,3083,5864,5411,2436,5961,2619,333,5187,6205,2851,2735,4498,4755,5860,1910,5619,4555,5565,4456,4791,3781,3909,1208,4853,6392,2442,4362,5807,8187,4854,5466,5353,2586,5468,6384,5838,5083,1178,2752,5624,4113,5234,5865,5551,2642,2672,4511,2903,5264,3930,5341,5152,5633,2991,6052,2336,5800,5890
3166,3870,778,0,4607,697,2123,1428,6411,2224,2631,3593,5073,1583,5323,722,2246,5120,4506,4212,4990,2702,4041,2034,4743,3393,3879,4606,2267,1375,5508,1788,3540,6246,5514,3178,6437,2198,505,5059,6428,3622,1957,4082,5254,5820,2660,5621,3980,6252,5175,4041,3080,4674,1202,4179,6398,3213,4686,6213,8120,4231,5759,4848,3213,5556,6680,5735,4666,1612,3470,5617,3622,5528,6271,5912,1864,3131,4647,2127,4756,4265,4933,5414,5384,3520,6728,3086,5565,5850
6111,3466,5010,4607,0,4112,2484,3960,7707,2589,6558,5257,1539,3114,3699,4713,4853,7287,1006,3217,6875,2297,3399,6004,828,1255,4935,3244,5403,5884,1882,5359,8086,5584,3469,6109,6322,2412,4718,1895,4714,6754,4224,526,5704,2782,5844,2925,1393,7805,7293,3414,2680,7467,5798,2326,3411,6447,4372,5714,4394,1789,4730,849,5388,3400,5335,2367,118,6152,7534,2866,1115,4603,5754,5234,4244,7674,3310,4289,838,4271,331,4352,1323,5009,8081,7019,1519,2801
2887,3177,905,697,4112,0,1681,766,5944,1608,2677,3066,4446,1343,4626,627,1779,4757,3911,3515,4571,2065,4068,2070,4345,2867,3286,4572,1966,1774,4873,1603,3975,5587,4818,2896,5817,1714,607,4408,5734,3424,2272,3597,4655,5145,2415,4937,3663,5818,4805,4071,2984,4431,1827,4017,5714,3024,4015,5563,7455,3981,5078,4448,2750,4861,5997,5078,4183,2044,3606,4934,3208,4847,5621,5247,2190,3563,3950,2450,4359,3599,4443,4727,4788,2961,6276,3152,4962,5175
4201,2935,2586,2123,2484,1681,0,1780,6700,743,4299,3843,3138,712,4082,2305,2919,5816,2498,3056,5515,1092,2928,3706,2664,1300,3798,3275,3342,3429,3591,3139,5630,5537,4124,4204,6005,166,2274,3220,5263,4812,2200,1959,5009,4102,3812,3999,2014,6669,5846,2936,1728,5713,3314,2537,4742,4443,3970,5578,6286,2387,4835,2767,3739,4127,5694,3907,2543,3691,5254,3975,1527,4626,5633,5166,2176,5219,3424,2335,2678,3646,2810,4435,3359,3648,7063,4774,3552,4131
2434,2460,1270,1428,3960,766,1780,0,5260,1373,2601,2358,4032,1746,3935,981,1184,4170,3579,2833,3936,1712,4526,2045,4333,2710,2534,4965,1562,2155,4431,1405,4267,4824,4160,2439,5052,1739,1128,3936,5016,3035,2962,3476,3896,4590,2032,4349,3779,5160,4211,4530,3369,3965,2422,4298,5123,2663,3258,4797,6918,4167,4332,4431,2106,4213,5253,4578,4047,2429,3576,4354,3214,4100,4855,4486,2887,3864,3270,3139,4348,2838,4289,3990,4437,2231,5602,3067,4593,4620
3449,4241,5750,6411,7707,5944,6700,5260,0,5984,4736,2906,6653,6941,4524,5695,4176,1617,6783,4519,1483,5866,9627,4958,8438,6851,2913,9950,4204,6036,6730,4743,6690,3010,4952,3432,2191,6577,5919,6281,4397,3368,8211,7463,2055,6060,3937,5680,8318,413,1536,9635,8428,2573,6755,9122,6026,3661,3402,2792,7649,8808,3638,8499,3202,5071,3896,6444,7825,6153,4965,5742,7607,3598,2803,3127,8132,6516,4554,8389,8452,3436,7939,3818,7211,3067,375,4682,7222,6073
3669,2208,2467,2224,2589,1608,743,1373,5984,0,3974,3159,2849,1272,3432,2163,2377,5166,2303,2368,4841,493,3657,3415,2976,1337,3074,3968,2874,3364,3284,2777,5548,4810,3520,3670,5263,600,2206,2843,4607,4301,2822,2103,4266,3647,3334,3491,2505,5968,5191,3665,2458,5138,3415,3174,4258,3957,3234,4846,5917,2943,4129,3070,3109,3537,5005,3525,2674,3638,4949,3477,1879,3915,4900,4440,2783,5138,2759,2973,2991,2904,2919,3734,3180,2951,6349,4439,3355,3677
1392,4306,1872,2631,6558,2677,4299,2601,4736,3974,0,2730,6476,4018,5720,2070,1913,3165,6110,4780,3267,4283,6662,610,6923,5311,3306,7208,1316,1547,6831,1199,2188,5804,6069,1410,5618,4293,2199,6307,6541,1385,4555,6077,4434,6783,1100,6472,6311,4449,3240,6663,5641,2399,2300,6693,7200,1080,4597,5683,9076,6652,5675,7022,2195,6155,6524,6881,6647,1550,977,6495,5793,5460,5737,5574,4460,1898,5173,4714,6938,4193,6886,5466,6935,2859,4962,476,7072,6812
1432,2036,3022,3593,5257,3066,3843,2358,2906,3159,2730,0,4593,4039,3190,2902,1359,2042,4481,2494,1683,3136,6756,2628,5886,4209,603,7116,1629,3537,4831,2145,4918,3080,3593,1416,2994,3734,3126,4307,3858,1932,5318,4911,1778,4505,1636,4144,5608,2834,2057,6763,5562,2285,4160,6333,4783,1860,1942,2970,6659,6074,2969,5962,538,3697,3797,4728,5370,3729,3460,4184,4922,2765,3025,2844,5241,4611,2785,5496,5901,1594,5541,2805,5135,253,3254,2960,5214,4529
5722,2579,5260,5073,1539,4446,3138,4032,6653,2849,6476,4593,0,3850,2310,4955,4599,6513,695,2181,6054,2381,4854,6001,2354,1917,4140,4761,5197,6162,454,5310,8299,4220,2007,5715,5023,3001,5029,399,3219,6350,5240,1737,4600,1245,5576,1396,2857,6814,6504,4868,3969,6878,6264,3827,1888,6114,3251,4375,3159,3302,3360,2355,4865,1922,3864,863,1634,6438,7437,1335,2344,3271,4408,3895,5236,7896,2100,5342,2362,3279,1582,3017,560,4340,7020,6898,622,1265
4150,3456,2189,1583,3114,1343,712,1746,6941,1272,4018,4039,3850,0,4703,1950,2929,5915,3205,3640,5665,1721,2782,3409,3172,1989,4096,3248,3244,2949,4303,2935,5123,6048,4776,4157,6448,858,1857,3930,5879,4722,1550,2589,5386,4804,3708,4690,2398,6870,5954,2786,1651,5693,2723,2675,5440,4331,4458,6070,6998,2667,5391,3278,3842,4787,6274,4618,3160,3194,4934,4669,2070,5174,6126,5682,1512,4714,4031,1701,3185,4099,3431,5000,4059,3875,7293,4492,4255,4834
4586,1492,5164,5323,3699,4626,4082,3935,4524,3432,5720,3190,2310,4703,0,4900,3862,4736,2693,1111,4240,2993,6610,5419,4523,3392,2600,6680,4422,5981,2269,4757,7831,1910,440,4573,2723,3916,5062,1911,1181,5122,6252,3676,2499,1536,4647,1156,4775,4748,4705,6622,5518,5335,6352,5740,1624,5017,1307,2066,3476,5273,1050,4548,3645,559,1684,1929,3811,6239,6570,1218,4104,975,2098,1588,6215,7470,682,6400,4534,1596,3831,726,2830,2977,4875,6042,2794,1550
2453,3415,305,722,4713,627,2305,981,5695,2163,2070,2902,4955,1950,4900,0,1545,4398,4456,3805,4268,2586,4616,1460,4968,3461,3229,5145,1546,1207,5368,1088,3385,5664,5137,2464,5799,2331,225,4885,5958,2933,2649,4203,4602,5565,1952,5329,4290,5530,4453,4617,3571,3974,1452,4625,6104,2525,4140,5616,7891,4603,5237,5071,2502,5191,6157,5538,4787,1483,2985,5333,3831,5005,5674,5343,2559,2975,4242,2823,4982,3710,5044,4914,5328,2848,6008,2543,5495,5595
1292,2410,1666,2246,4853,1779,2919,1184,4176,2377,1913,1359,4599,2929,3862,1545,0,2996,4287,2878,2792,2560,5710,1557,5336,3652,1744,6144,602,2261,4937,911,3969,4264,4187,1294,4305,2853,1770,4409,4776,1924,4051,4415,3094,4870,995,4562,4873,4040,3040,5714,4550,2794,2828,5455,5297,1595,2853,4189,7169,5289,3963,5427,974,4267,4862,4971,4953,2485,2848,4584,4256,3736,4247,3974,3968,3609,3282,4229,5351,2424,5171,3698,5080,1328,4502,2307,5206,4899
1987,3937,4397,5120,7287,4757,5816,4170,1617,5166,3165,2042,6513,5915,4736,4398,2996,0,6474,4341,499,5175,8684,3455,7927,6251,2380,9086,2853,4552,6696,3359,5073,3780,5174,1971,3196,5720,4615,6190,5004,1781,7018,6951,2387,6216,2499,5835,7641,1291,81,8690,7507,979,5295,8337,6353,2112,3439,3584,8149,8100,4118,8003,2080,5291,4677,6516,7400,4640,3348,5887,6961,3990,3619,3738,6931,4905,4527,7194,7942,3270,7563,4141,7068,2283,1803,3075,7125,6235
5483,2569,4761,4506,1006,3911,2498,3579,6783,2303,6110,4481,695,3205,2693,4456,4287,6474,0,2265,6040,1874,4185,5600,1830,1238,4097,4128,4871,5662,1140,4920,7832,4579,2473,5478,5326,2372,4509,955,3723,6122,4559,1073,4756,1897,5280,1976,2208,6904,6474,4199,3276,6743,5707,3186,2554,5852,3411,4711,3839,2674,3725,1855,4682,2409,4335,1554,1119,5937,7082,1923,1656,3600,4751,4231,4559,7424,2318,4658,1841,3349,1171,3348,878,4228,7155,6550,1061,1920
3776,480,4075,4212,3217,3515,3056,2833,4519,2368,4780,2494,2181,3640,1111,3805,2878,4341,2265,0,3876,1966,5745,4424,3991,2584,1986,5893,3465,4911,2359,3743,6832,2546,1339,3765,3167,2892,3961,1849,2254,4366,5189,3047,2491,2037,3750,1700,4052,4653,4329,5756,4602,4766,5254,4974,2420,4197,1156,2627,4296,4558,1786,4039,2854,1405,2638,2234,3335,5174,5678,1730,3344,1588,2676,2173,5146,6459,437,5341,4004,1101,3430,1382,2740,2249,4891,5140,2786,2063
1966,3486,4301,4990,6875,4571,5515,3936,1483,4841,3267,1683,6054,5665,4240,4268,2792,499,6040,3876,0,4814,8413,3475,7536,5874,1943,8790,2748,4554,6224,3279,5287,3302,4680,1949,2758,5410,4490,5724,4509,1924,6843,6557,1893,5727,2458,5345,7288,1264,465,8420,7225,1356,5277,8015,5857,2188,2948,3111,7650,7757,3620,7609,1830,4797,4194,6034,6990,4670,3583,5398,6598,3491,3148,3247,6759,5085,4047,7021,7551,2794,7144,3642,6611,1906,1756,3249,6662,5746
3831,1878,2891,2702,2297,2065,1092,1712,5866,493,4283,3136,2381,1721,2993,2586,2560,5175,1874,1966,4814,0,3872,3750,2797,1102,2958,4113,3106,3793,2809,3085,5958,4468,3055,3830,4979,927,2650,2357,4174,4473,3265,1857,4051,3154,3548,3001,2474,5884,5193,3882,2691,5240,3886,3258,3766,4155,2924,4520,5426,2951,3748,2883,3170,3066,4602,3036,2394,4069,5260,2986,1786,3542,4573,4095,3231,5550,2332,3409,2812,2635,2618,3347,2742,2908,6237,4737,2909,3184
6929,5740,4790,4041,3399,4068,2928,4526,9627,3657,6662,6756,4854,2782,6610,4616,5710,8684,4185,5745,8413,3872,0,6056,2773,3218,6726,658,6016,5348,5251,5670,7296,8291,6517,6936,8847,3057,4466,5138,7758,7489,2315,3118,7911,6082,6476,6140,2009,9589,8721,15,1200,8473,4841,1117,6738,7091,6787,8362,7779,1650,7514,2841,6606,6481,8292,5715,3344,5531,7508,6093,2549,7329,8413,7918,2402,6920,6031,2223,2775,6507,3535,7108,4722,6569,9989,7124,4918,6105
1509,3962,1266,2034,6004,2070,3706,2045,4958,3415,610,2628,6001,3409,5419,1460,1557,3455,5600,4424,3475,3750,6056,0,6343,4751,3156,6599,1028,1099,6373,695,2412,5696,5742,1527,5604,3705,1591,5855,6314,1739,3973,5515,4395,6388,1052,6093,5714,4709,3525,6057,5031,2804,1852,6084,6839,1354,4377,5595,8701,6048,5479,6443,2097,5820,6359,6453,6089,1195,1549,6112,5210,5256,5651,5437,3878,2053,4835,4135,6357,3955,6334,5235,6441,2706,5217,1083,6586,6416
6620,4201,5250,4743,828,4345,2664,4333,8438,2976,6923,5886,2354,3172,4523,4968,5336,7927,1830,3991,7536,2797,2773,6343,0,1695,5613,2518,5850,6084,2664,5736,8279,6400,4297,6620,7124,2642,4936,2719,5542,7258,4006,980,6462,3587,6307,3746,915,8516,7939,2788,2299,8036,5895,1659,4202,6927,5146,6525,5029,1124,5549,106,5963,4228,6163,3156,723,6340,7890,3687,1137,5416,6566,6046,4044,7868,4113,4039,15,5016,812,5167,2063,5644,8813,7394,2239,3604
4931,2677,3760,3393,1255,2867,1300,2710,6851,1337,5311,4209,1917,1989,3392,3461,3652,6251,1238,2584,5874,1102,3218,4751,1695,0,3975,3313,4183,4641,2370,4113,6841,5120,3308,4930,5745,1198,3474,2080,4542,5571,3323,768,4942,3019,4633,3000,1484,6899,6266,3230,2163,6341,4594,2390,3679,5247,3696,5210,5074,1987,4318,1781,4269,3279,5076,2745,1338,4911,6286,2962,768,4144,5258,4750,3321,6429,2829,3425,1710,3490,1586,3914,2071,3972,7225,5775,2270,3045
2034,1561,3391,3879,4935,3286,3798,2534,2913,3074,3306,603,4140,4096,2600,3229,1744,2380,4097,1986,1943,2958,6726,3156,5613,3975,0,7037,2134,3995,4344,2612,5490,2543,3011,2019,2570,3670,3446,3829,3257,2529,5476,4633,1375,3956,2207,3588,5423,2928,2377,6734,5526,2789,4571,6210,4205,2463,1339,2454,6075,5907,2374,5683,1116,3118,3219,4206,5051,4206,4060,3632,4719,2166,2511,2281,5405,5171,2234,5651,5628,1006,5201,2202,4692,451,3282,3555,4755,3979
7392,5940,5338,4606,3244,4572,3275,4965,9950,3968,7208,7116,4761,3248,6680,5145,6144,9086,4128,5893,8790,4113,658,6599,2518,3313,7037,0,6491,5938,5126,6175,7924,8433,6545,7398,9039,3383,5009,5080,7798,7970,2955,3058,8162,6005,6956,6104,1923,9936,9118,667,1598,8929,5459,944,6647,7579,6980,8520,7544,1459,7630,2565,7007,6497,8364,5607,3170,6132,8076,6051,2576,7457,8569,8063,3039,7544,6141,2871,2516,6731,3321,7226,4556,6916,10317,7674,4742,6026
921,2992,1553,2267,5403,1966,3342,1562,4204,2874,1316,1629,5197,3244,4422,1546,602,2853,4871,3465,2748,3106,6016,1028,5850,4183,2134,6491,0,1918,5539,543,3417,4677,4761,930,4623,3297,1762,5011,5291,1480,4185,4950,3407,5468,470,5156,5336,4012,2910,6020,4893,2465,2582,5855,5885,1101,3351,4581,7761,5729,4451,5943,1118,4845,5331,5573,5500,2100,2246,5179,4749,4229,4638,4411,4096,3073,3862,4360,5865,2932,5724,4212,5674,1686,4501,1705,5802,5496
2588,4489,902,1375,5884,1774,3429,2155,6036,3364,1547,3537,6162,2949,5981,1207,2261,4552,5662,4911,4554,3793,5348,1099,6084,4641,3995,5938,1918,0,6573,1392,2203,6525,6250,2606,6529,3478,1167,6085,6980,2834,3121,5367,5313,6742,2099,6491,5346,5798,4621,5346,4443,3894,758,5550,7262,2453,5090,6447,9071,5606,6202,6188,3036,6313,7110,6732,5953,276,2202,6499,4952,5972,6505,6235,3026,1791,5344,3267,6097,4657,6215,5912,6535,3562,6303,1923,6702,6772
6019,2796,5672,5508,1882,4873,3591,4431,6730,3284,6831,4831,454,4303,2269,5368,4937,6696,1140,2359,6224,2809,5251,6373,2664,2370,4344,5126,5539,6573,0,5678,8694,4154,1906,6011,4990,3453,5450,532,3042,6638,5693,2145,4676,950,5901,1206,3245,6915,6681,5265,4399,7114,6695,4202,1538,6420,3347,4324,2705,3669,3304,2651,5138,1803,3707,493,1963,6849,7784,1138,2768,3244,4352,3851,5690,8294,2195,5795,2670,3431,1861,2994,633,4580,7091,7243,536,962
1384,3287,1039,1788,5359,1603,3139,1405,4743,2777,1199,2145,5310,2935,4757,1088,911,3359,4920,3743,3279,3085,5670,695,5736,4113,2612,6175,543,1392,5678,0,3089,5151,5068,1397,5137,3120,1286,5160,5687,1845,3736,4880,3921,5695,873,5404,5153,4543,3420,5672,4584,2888,2039,5594,6153,1438,3764,5066,8011,5515,4874,5834,1650,5144,5769,5758,5448,1594,2176,5421,4612,4647,5123,4871,3644,2717,4159,3908,5751,3335,5687,4609,5755,2174,5035,1662,5898,5724
3558,6373,3083,3540,8086,3975,5630,4267,6690,5548,2188,4918,8299,5123,7831,3385,3969,5073,7832,6832,5287,5958,7296,2412,8279,6841,5490,7924,3417,2203,8694,3089,0,7992,8154,3576,7784,5681,3368,8189,8704,3370,4984,7570,6613,8773,3284,8490,7519,6353,5154,7293,6522,4148,2476,7645,9242,3188,6761,7870,11096,7750,7850,8384,4382,8231,8709,8812,8156,1939,1729,8506,7150,7632,7923,7762,4895,412,7246,5093,8292,6347,8417,7626,8698,5040,6859,2051,8858,8803
4453,2602,5864,6246,5584,5587,5537,4824,3010,4810,5804,3080,4220,6048,1910,5664,4264,3780,4579,2546,3302,4468,8291,5696,6400,5120,2543,8433,4677,6525,4154,5151,7992,0,2248,4435,886,5377,5868,3821,1400,4805,7567,5511,1453,3320,4716,2973,6569,3332,3724,8302,7139,4623,7065,7509,3132,4857,1595,218,4647,7074,860,6431,3618,2354,908,3765,5698,6744,6464,3041,5871,986,216,373,7512,7691,2307,7731,6411,1991,5732,1233,4734,2991,3307,5997,4687,3325
4973,1781,5411,5514,3469,4818,4124,4160,4952,3520,6069,3593,2007,4776,440,5137,4187,5174,2473,1339,4680,3055,6517,5742,4297,3308,3011,6545,4761,6250,1906,5068,8154,2248,0,4960,3094,3958,5287,1610,1255,5522,6318,3503,2936,1110,5009,738,4625,5182,5145,6530,5464,5763,6582,5601,1195,5402,1740,2422,3066,5114,1404,4314,4032,119,1866,1527,3577,6513,6937,804,3981,1372,2449,1955,6286,7785,910,6458,4307,2005,3569,1137,2496,3373,5300,6405,2440,1122
18,3286,2436,3178,6109,2896,4204,2439,3432,3670,1410,1416,5715,4157,4573,2464,1294,1971,5478,3765,1949,3830,6936,1527,6620,4930,2019,7398,930,2606,6011,1397,3576,4435,4960,0,4211,4144,2673,5479,5274,646,5111,5687,3038,5802,528,5458,6167,3194,2035,6940,5800,1537,3336,6735,6136,445,3355,4303,8020,6581,4383,6709,928,5058,5195,5975,6212,2722,2046,5492,5548,4181,4355,4229,5021,3305,4109,5285,6635,2987,6420,4220,6227,1601,3698,1562,6334,5828
4229,3107,5961,6437,6322,5817,6005,5052,2191,5263,5618,2994,5023,6448,2723,5799,4305,3196,5326,3167,2758,4979,8847,5604,7124,5745,2570,9039,4623,6529,4990,5137,7784,886,3094,4211,0,5853,6015,4626,2279,4475,7921,6203,1216,4184,4572,3828,7219,2546,3129,8857,7670,4114,7133,8132,4018,4599,2061,683,5513,7725,1690,7163,3511,3205,1719,4620,6438,6723,6169,3895,6509,1752,670,1139,7859,7516,3012,8092,7136,2359,6493,2006,5552,2978,2461,5744,5517,4191
4141,2776,2619,2198,2412,1714,166,1739,6577,600,4293,3734,3001,858,3916,2331,2853,5720,2372,2892,5410,927,3057,3705,2642,1198,3670,3383,3297,3478,3453,3120,5681,5377,3958,4144,5853,0,2315,3072,5097,4759,2363,1891,4866,3947,3766,3839,2040,6554,5749,3066,1858,5642,3397,2619,4585,4396,3813,5420,6143,2437,4671,2743,3649,3962,5529,3760,2477,3743,5254,3817,1505,4463,5474,5005,2338,5269,3258,2500,2656,3494,2741,4271,3239,3533,6941,4766,3430,3976
2661,3583,333,505,4718,607,2274,1128,5919,2206,2199,3126,5029,1857,5062,225,1770,4615,4509,3961,4490,2650,4466,1591,4936,3474,3446,5009,1762,1167,5450,1286,3368,5868,5287,2673,6015,2315,0,4975,6134,3126,2451,4202,4820,5681,2156,5455,4229,5753,4671,4467,3449,4173,1296,4520,6232,2717,4334,5823,8002,4523,5426,5040,2727,5338,6347,5637,4788,1437,3085,5457,3801,5194,5881,5543,2359,2956,4398,2623,4950,3905,5049,5097,5384,3069,6232,2666,5556,5711
5487,2274,5187,5059,1895,4408,3220,3936,6281,2843,6307,4307,399,3930,1911,4885,4409,6190,955,1849,5724,2357,5138,5855,2719,2080,3829,5080,5011,6085,532,5160,8189,3821,1610,5479,4626,3072,4975,0,2832,6106,5373,2028,4227,949,5371,1031,3162,6451,6178,5152,4201,6591,6235,4140,1611,5888,2883,3976,3078,3624,2961,2727,4607,1528,3471,688,1996,6361,7257,974,2600,2874,4009,3497,5363,7791,1728,5486,2728,2936,1965,2620,934,4055,6647,6716,944,974
5290,2558,6205,6428,4714,5734,5263,5016,4397,4607,6541,3858,3219,5879,1181,5958,4776,5004,3723,2254,4509,4174,7758,6314,5542,4542,3257,7798,5291,6980,3042,5687,8704,1400,1255,5274,2279,5097,6134,2832,0,5749,7429,4758,2618,2119,5443,1840,5880,4702,4957,7771,6684,5757,7408,6854,1793,5717,1944,1616,3252,6369,908,5554,4370,1314,677,2591,4819,7227,7317,1906,5230,1094,1615,1290,7390,8364,1848,7578,5551,2359,4797,1079,3664,3692,4703,6810,3576,2116
643,3890,2851,3622,6754,3424,4812,3035,3368,4301,1385,1932,6350,4722,5122,2933,1924,1781,6122,4366,1924,4473,7489,1739,7258,5571,2529,7970,1480,2834,6638,1845,3370,4805,5522,646,4475,4759,3126,6106,5749,0,5577,6330,3365,6399,1014,6048,6790,3069,1857,7492,6372,1068,3590,7333,6708,409,3866,4654,8587,7196,4846,7348,1512,5624,5612,6588,6857,2892,1697,6085,6180,4656,4702,4636,5485,3161,4692,5748,7273,3526,7066,4719,6866,2149,3582,1325,6970,6425
5100,4990,2735,1957,4224,2272,2200,2962,8211,2822,4555,5318,5240,1550,6252,2649,4051,7018,4559,5189,6843,3265,2315,3973,4006,3323,5476,2955,4185,3121,5693,3736,4984,7567,6318,5111,7921,2363,2451,5373,7429,5577,0,3736,6814,6281,4601,6195,3098,8090,7068,2311,1772,6623,2547,2845,6929,5168,5972,7579,8397,3120,6932,4108,5022,6324,7820,6053,4235,3275,5320,6170,3109,6712,7636,7204,95,4613,5581,178,4016,5596,4499,6543,5359,5193,8546,4991,5563,6310
5688,3232,4498,4082,526,3597,1959,3476,7463,2103,6077,4911,1737,2589,3676,4203,4415,6951,1073,3047,6557,1857,3118,5515,980,768,4633,3058,4950,5367,2145,4880,7570,5511,3503,5687,6203,1891,4202,2028,4758,6330,3736,0,5499,2966,5398,3046,1136,7537,6962,3132,2272,7080,5273,2115,3620,6010,4198,5624,4771,1612,4674,1052,5002,3449,5348,2599,586,5634,7052,2995,646,4525,5668,5150,3752,7158,3207,3810,995,4049,851,4281,1676,4668,7838,6542,1881,2989
3056,2271,4755,5254,5704,4655,5009,3896,2055,4266,4434,1778,4600,5386,2499,4602,3094,2387,4756,2491,1893,4051,7911,4395,6462,4942,1375,8162,3407,5313,4676,3921,6613,1453,2936,3038,1216,4866,4820,4227,2618,3365,6814,5499,0,4034,3372,3651,6426,2250,2339,7920,6717,3182,5921,7288,4064,3444,1351,1289,5798,6927,1742,6515,2299,3055,2316,4401,5822,5507,5040,3711,5710,1638,1337,1356,6747,6332,2500,6987,6475,1453,5921,1825,5157,1766,2420,4590,5167,4049
5813,2517,5860,5820,2782,5145,4102,4590,6060,3647,6783,4505,1245,4804,1536,5565,4870,6216,1897,2037,5727,3154,6082,6388,3587,3019,3956,6005,5468,6742,950,5695,8773,3320,1110,5802,4184,3947,5681,949,2119,6399,6281,2966,4034,0,5776,383,4096,6284,6191,6096,5150,6743,6966,5069,662,6234,2780,3505,2329,4546,2497,3581,4888,993,2793,474,2872,7015,7700,329,3548,2481,3527,3049,6266,8387,1722,6400,3594,2970,2795,2247,1583,4266,6409,7160,1470,30
513,3270,1910,2660,5844,2415,3812,2032,3937,3334,1100,1636,5576,3708,4647,1952,995,2499,5280,3750,2458,3548,6476,1052,6307,4633,2207,6956,470,2099,5901,873,3284,4716,5009,528,4572,3766,2156,5371,5443,1014,4601,5398,3372,5776,0,5450,5803,3712,2562,6479,5358,2024,2819,6324,6160,631,3501,4601,8042,6199,4575,6399,1099,5099,5426,5908,5942,2234,1930,5477,5211,4361,4655,4479,4511,2975,4126,4775,6321,3101,6163,4370,6066,1759,4213,1396,6187,5803
5469,2180,5619,5621,2925,4937,3999,4349,5680,3491,6472,4144,1396,4690,1156,5329,4562,5835,1976,1700,5345,3001,6140,6093,3746,3000,3588,6104,5156,6491,1206,5404,8490,2973,738,5458,3828,3839,5455,1031,1840,6048,6195,3046,3651,383,5450,0,4182,5901,5810,6154,5158,6372,6747,5161,777,5893,2398,3153,2608,4650,2138,3750,4539,624,2502,792,3024,6762,7377,68,3592,2110,3177,2690,6175,8108,1359,6322,3755,2596,2978,1872,1824,3908,6031,6839,1742,401
6165,4161,4555,3980,1393,3663,2014,3779,8318,2505,6311,5608,2857,2398,4775,4290,4873,7641,2208,4052,7288,2474,2009,5714,915,1484,5423,1923,5336,5346,3245,5153,7519,6569,4625,6167,7219,2040,4229,3162,5880,6790,3098,1136,6426,4096,5803,4182,0,8351,7661,2024,1385,7643,5093,979,4745,6433,5177,6669,5785,506,5748,1013,5605,4576,6456,3714,1346,5592,7261,4131,716,5586,6715,6202,3139,7111,4264,3126,923,4974,1561,5348,2714,5382,8691,6787,2911,4118
3211,4342,5565,6252,7805,5818,6669,5160,413,5968,4449,2834,6814,6870,4748,5530,4040,1291,6904,4653,1264,5884,9589,4709,8516,6899,2928,9936,4012,5798,6915,4543,6353,3332,5182,3194,2546,6554,5753,6451,4702,3069,8090,7537,2250,6284,3712,5901,8351,0,1212,9596,8393,2213,6530,9128,6286,3385,3569,3115,7950,8834,3909,8580,3068,5301,4230,6651,7922,5902,4624,5961,7646,3850,3131,3419,8008,6193,4724,8268,8530,3556,8049,4058,7373,3021,513,4366,7395,6298
2051,3931,4456,5175,7293,4805,5846,4211,1536,5191,3240,2057,6504,5954,4705,4453,3040,81,6474,4329,465,5193,8721,3525,7939,6266,2377,9118,2910,4621,6681,3420,5154,3724,5145,2035,3129,5749,4671,6178,4957,1857,7068,6962,2339,6191,2562,5810,7661,1212,0,8726,7541,1059,5362,8364,6321,2185,3413,3526,8110,8123,4074,8014,2115,5262,4622,6496,7407,4711,3429,5862,6979,3950,3560,3687,6982,4984,4508,7245,7954,3253,7567,4104,7060,2295,1725,3154,7114,6211
6932,5750,4791,4041,3414,4071,2936,4530,9635,3665,6663,6763,4868,2786,6622,4617,5714,8690,4199,5756,8420,3882,15,6057,2788,3230,6734,667,6020,5346,5265,5672,7293,8302,6530,6940,8857,3066,4467,5152,7771,7492,2311,3132,7920,6096,6479,6154,2024,9596,8726,0,1208,8477,4838,1132,6752,7094,6797,8373,7794,1665,7526,2856,6611,6494,8304,5729,3359,5529,7508,6106,2562,7341,8424,7929,2398,6917,6042,2218,2790,6517,3550,7120,4737,6576,9997,7124,4933,6119
5794,4567,3781,3080,2680,2984,1728,3369,8428,2458,5641,5562,3969,1651,5518,3571,4550,7507,3276,4602,7225,2691,1200,5031,2299,2163,5526,1598,4893,4443,4399,4584,6522,7139,5464,5800,7670,1858,3449,4201,6684,6372,1772,2272,6717,5150,5358,5158,1385,8393,7541,1208,0,7332,4047,1124,5812,5982,5614,7202,7043,1348,6383,2395,5427,5439,7189,4829,2661,4658,6532,5117,1633,6190,7254,6766,1827,6127,4911,1773,2307,5322,2905,5977,3948,5372,8791,6112,4152,5175
1545,4318,3909,4674,7467,4431,5713,3965,2573,5138,2399,2285,6878,5693,5335,3974,2794,979,6743,4766,1356,5240,8473,2804,8036,6341,2789,8929,2465,3894,7114,2888,4148,4623,5763,1537,4114,5642,4173,6591,5757,1068,6623,7080,3182,6743,2024,6372,7643,2213,1059,8477,7332,0,4652,8249,6958,1472,4030,4440,8802,8073,4852,8120,2079,5875,5498,6994,7575,3938,2420,6417,7000,4697,4480,4533,6532,4010,5023,6796,8051,3776,7764,4814,7418,2538,2714,2217,7499,6765
3319,4867,1208,1202,5798,1827,3314,2422,6755,3415,2300,4160,6264,2723,6352,1452,2828,5295,5707,5254,5277,3886,4841,1852,5895,4594,4571,5459,2582,758,6695,2039,2476,7065,6582,3336,7133,3397,1296,6235,7408,3590,2547,5273,5921,6966,2819,6747,5093,6530,5362,4838,4047,4652,0,5171,7524,3206,5570,7003,9280,5294,6674,6001,3685,6634,7592,6905,5855,787,2876,6747,4790,6442,7061,6756,2455,2086,5691,2674,5908,5138,6123,6359,6585,4155,7032,2653,6765,6996
6731,5044,4853,4179,2326,4017,2537,4298,9122,3174,6693,6333,3827,2675,5740,4625,5455,8337,3186,4974,8015,3258,1117,6084,1659,2390,6210,944,5855,5550,4202,5594,7645,7509,5601,6735,8132,2619,4520,4140,6854,7333,2845,2115,7288,5069,6324,5161,979,9128,8364,1132,1124,8249,5171,0,5715,6955,6077,7600,6679,542,6698,1724,6268,5553,7423,4679,2261,5771,7605,5109,1640,6529,7648,7139,2911,7248,5210,2817,1660,5846,2435,6295,3648,6121,9492,7167,3839,5091
6148,2894,6392,6398,3411,5714,4742,5123,6026,4258,7200,4783,1888,5440,1624,6104,5297,6353,2554,2420,5857,3766,6738,6839,4202,3679,4205,6647,5885,7262,1538,6153,9242,3132,1195,6136,4018,4585,6232,1611,1793,6708,6929,3620,4064,662,6160,777,4745,6286,6321,6752,5812,6958,7524,5715,0,6576,2931,3336,1884,5188,2390,4189,5210,1087,2463,1046,3496,7531,8090,782,4208,2436,3348,2921,6912,8864,2034,7051,4208,3199,3399,2239,2157,4559,6359,7554,2012,637
431,3717,2442,3213,6447,3024,4443,2663,3661,3957,1080,1860,6114,4331,5017,2525,1595,2112,5852,4197,2188,4155,7091,1354,6927,5247,2463,7579,1101,2453,6420,1438,3188,4857,5402,445,4599,4396,2717,5888,5717,409,5168,6010,3444,6234,631,5893,6433,3385,2185,7094,5982,1472,3206,6955,6576,0,3800,4719,8460,6830,4825,7018,1372,5500,5629,6397,6548,2529,1610,5925,5836,4624,4771,4660,5076,2940,4546,5339,6942,3432,6763,4665,6618,2046,3897,1146,6731,6260
3369,1047,4362,4686,4372,4015,3970,3258,3402,3234,4597,1942,3251,4458,1307,4140,2853,3439,3411,1156,2948,2924,6787,4377,5146,3696,1339,6980,3351,5090,3347,3764,6761,1595,1740,3355,2061,3813,4334,2883,1944,3866,5972,4198,1351,2780,3501,2398,5177,3569,3413,6797,5614,4030,5570,6077,2931,3800,0,1612,4774,5682,1112,5195,2438,1855,2023,3107,4490,5327,5388,2451,4463,883,1668,1238,5917,6424,1155,6137,5159,433,4580,870,3809,1758,3770,4875,3826,2799
4321,2644,5807,6213,5714,5563,5578,4797,2792,4846,5683,2970,4375,6070,2066,5616,4189,3584,4711,2627,3111,4520,8362,5595,6525,5210,2454,8520,4581,6447,4324,5066,7870,218,2422,4303,683,5420,5823,3976,1616,4654,7579,5624,1289,3505,4601,3153,6669,3115,3526,8373,7202,4440,7003,7600,3336,4719,1612,0,4865,7175,1020,6560,3507,2531,1120,3945,5829,6660,6322,3220,5966,1112,58,481,7522,7575,2417,7745,6537,1985,5870,1365,4896,2896,3089,5862,4854,3511
8032,4774,8187,8120,4394,7455,6286,6918,7649,5917,9076,6659,3159,6998,3476,7891,7169,8149,3839,4296,7650,5426,7779,8701,5029,5074,6075,7544,7761,9071,2705,8011,11096,4647,3066,8020,5513,6143,8002,3078,3252,8587,8397,4771,5798,2329,8042,2608,5785,7950,8110,7794,7043,8802,9280,6679,1884,8460,4774,4865,0,6137,4061,4979,7093,2963,3805,2392,4439,9344,9972,2590,5414,4164,4860,4531,8395,10711,3918,8497,5031,5069,4244,4008,3095,6438,7954,9436,2891,2299
6578,4664,4854,4231,1789,3981,2387,4167,8808,2943,6652,6074,3302,2667,5273,4603,5289,8100,2674,4558,7757,2951,1650,6048,1124,1987,5907,1459,5729,5606,3669,5515,7750,7074,5114,6581,7725,2437,4523,3624,6369,7196,3120,1612,6927,4546,6199,4650,506,8834,8123,1665,1348,8073,5294,542,5188,6830,5682,7175,6137,0,6251,1195,6051,5061,6952,4148,1720,5841,7587,4597,1219,6090,7221,6708,3174,7346,4768,3119,1125,5476,1893,5852,3108,5852,9180,7128,3298,4567
4399,1945,5466,5759,4730,5078,4835,4332,3638,4129,5675,2969,3360,5391,1050,5237,3963,4118,3725,1786,3620,3748,7514,5479,5549,4318,2374,7630,4451,6202,3304,4874,7850,860,1404,4383,1690,4671,5426,2961,908,4846,6932,4674,1742,2497,4575,2138,5748,3909,4074,7526,6383,4852,6674,6698,2390,4825,1112,1020,4061,6251,0,5579,3490,1515,921,2930,4844,6439,6429,2205,5058,232,1050,552,6884,7520,1489,7090,5561,1545,4874,406,3877,2816,3969,5929,3834,2505
6709,4259,5353,4848,849,4448,2767,4431,8499,3070,7022,5962,2355,3278,4548,5071,5427,8003,1855,4039,7609,2883,2841,6443,106,1781,5683,2565,5943,6188,2651,5834,8384,6431,4314,6709,7163,2743,5040,2727,5554,7348,4108,1052,6515,3581,6399,3750,1013,8580,8014,2856,2395,8120,6001,1724,4189,7018,5195,6560,4979,1195,5579,0,6045,4242,6180,3144,737,6445,7990,3690,1240,5450,6600,6080,4146,7973,4151,4139,94,5072,790,5199,2041,5720,8874,7492,2212,3597
941,2378,2586,3213,5388,2750,3739,2106,3202,3109,2195,538,4865,3842,3645,2502,974,2080,4682,2854,1830,3170,6606,2097,5963,4269,1116,7007,1118,3036,5138,1650,4382,3618,4032,928,3511,3649,2727,4607,4370,1512,5022,5002,2299,4888,1099,4539,5605,3068,2115,6611,5427,2079,3685,6268,5210,1372,2438,3507,7093,6051,3490,6045,0,4130,4330,5077,5496,3217,2950,4575,4944,3281,3561,3380,4940,4073,3186,5200,5978,2061,5686,3307,5391,680,3528,2440,5487,4914
5071,1858,5468,5556,3400,4861,4127,4213,5071,3537,6155,3697,1922,4787,559,5191,4267,5291,2409,1405,4797,3066,6481,5820,4228,3279,3118,6497,4845,6313,1803,5144,8231,2354,119,5058,3205,3962,5338,1528,1314,5624,6324,3449,3055,993,5099,624,4576,5301,5262,6494,5439,5875,6634,5553,1087,5500,1855,2531,2963,5061,1515,4242,4130,0,1943,1415,3506,6577,7029,690,3940,1489,2556,2067,6295,7861,985,6462,4238,2112,3491,1255,2401,3475,5418,6495,2339,1004
5212,2849,6384,6680,5335,5997,5694,5253,3896,5005,6524,3797,3864,6274,1684,6157,4862,4677,4335,2638,4194,4602,8292,6359,6163,5076,3219,8364,5331,7110,3707,5769,8709,908,1866,5195,1719,5529,6347,3471,677,5612,7820,5348,2316,2793,5426,2502,6456,4230,4622,8304,7189,5498,7592,7423,2463,5629,2023,1120,3805,6952,921,6180,4330,1943,0,3264,5443,7344,7239,2569,5788,1153,1099,977,7774,8389,2282,7975,6173,2456,5434,1281,4325,3669,4178,6753,4243,2791
5984,2701,5838,5735,2367,5078,3907,4578,6444,3525,6881,4728,863,4618,1929,5538,4971,6516,1554,2234,6034,3036,5715,6453,3156,2745,4206,5607,5573,6732,493,5758,8812,3765,1527,5975,4620,3760,5637,688,2591,6588,6053,2599,4401,474,5908,792,3714,6651,6496,5729,4829,6994,6905,4679,1046,6397,3107,3945,2392,4148,2930,3144,5077,1415,3264,0,2451,7007,7817,725,3207,2896,3969,3482,6045,8418,1989,6163,3162,3248,2354,2653,1122,4483,6798,7276,998,481
6214,3584,5083,4666,118,4183,2543,4047,7825,2674,6647,5370,1634,3160,3811,4787,4953,7400,1119,3335,6990,2394,3344,6089,723,1338,5051,3170,5500,5953,1963,5448,8156,5698,3577,6212,6438,2477,4788,1996,4819,6857,4235,586,5822,2872,5942,3024,1346,7922,7407,3359,2661,7575,5855,2261,3496,6548,4490,5829,4439,1720,4844,737,5496,3506,5443,2451,0,6220,7623,2965,1131,4718,5869,5349,4258,7744,3427,4296,732,4389,271,4466,1388,5122,8199,7109,1578,2891
2704,4748,1178,1612,6152,2044,3691,2429,6153,3638,1550,3729,6438,3194,6239,1483,2485,4640,5937,5174,4670,4069,5531,1195,6340,4911,4206,6132,2100,276,6849,1594,1939,6744,6513,2722,6723,3743,1437,6361,7227,2892,3275,5634,5507,7015,2234,6762,5592,5902,4711,5529,4658,3938,787,5771,7531,2529,5327,6660,9344,5841,6439,6445,3217,6577,7344,7007,6220,0,2090,6770,5211,6210,6717,6459,3180,1528,5605,3413,6354,4895,6482,6156,6810,3767,6410,1874,6978,7045
2030,5199,2752,3470,7534,3606,5254,3576,4965,4949,977,3460,7437,4934,6570,2985,2848,3348,7082,5678,3583,5260,7508,1549,7890,6286,4060,8076,2246,2202,7784,2176,1729,6464,6937,2046,6169,5254,3085,7257,7317,1697,5320,7052,5040,7700,1930,7377,7261,4624,3429,7508,6532,2420,2876,7605,8090,1610,5388,6322,9972,7587,6429,7990,2950,7029,7239,7817,7623,2090,0,7404,6758,6225,6372,6270,5225,1611,6056,5469,7905,5005,7863,6257,7903,3630,5130,541,8037,7727
5503,2210,5624,5617,2866,4934,3975,4354,5742,3477,6495,4184,1335,4669,1218,5333,4584,5887,1923,1730,5398,2986,6093,6112,3687,2962,3632,6051,5179,6499,1138,5421,8506,3041,804,5492,3895,3817,5457,974,1906,6085,6170,2995,3711,329,5477,68,4131,5961,5862,6106,5117,6417,6747,5109,782,5925,2451,3220,2590,4597,2205,3690,4575,690,2569,725,2965,6770,7404,0,3545,2176,3245,2757,6150,8122,1399,6295,3695,2643,2916,1936,1758,3947,6093,6865,1674,349
5547,3445,4113,3622,1115,3208,1527,3214,7607,1879,5793,4922,2344,2070,4104,3831,4256,6961,1656,3344,6598,1786,2549,5210,1137,768,4719,2576,4749,4952,2768,4612,7150,5871,3981,5548,6509,1505,3801,2600,5230,6180,3109,646,5710,3548,5211,3592,716,7646,6979,2562,1633,7000,4790,1640,4208,5836,4463,5966,5414,1219,5058,1240,4944,3940,5788,3207,1131,5211,6758,3545,0,4890,6013,5502,3129,6739,3570,3176,1151,4258,1400,4655,2321,4692,7981,6266,2526,3572
4197,1722,5234,5528,4603,4847,4626,4100,3598,3915,5460,2765,3271,5174,975,5005,3736,3990,3600,1588,3491,3542,7329,5256,5416,4144,2166,7457,4229,5972,3244,4647,7632,986,1372,4181,1752,4463,5194,2874,1094,4656,6712,4525,1638,2481,4361,2110,5586,3850,3950,7341,6190,4697,6442,6529,2436,4624,883,1112,4164,6090,232,5450,3281,1489,1153,2896,4718,6210,6225,2176,4890,0,1151,631,6663,7300,1322,6871,5428,1315,4758,254,3800,2605,3939,5721,3769,2492
4373,2698,5865,6271,5754,5621,5633,4855,2803,4900,5737,3025,4408,6126,2098,5674,4247,3619,4751,2676,3148,4573,8413,5651,6566,5258,2511,8569,4638,6505,4352,5123,7923,216,2449,4355,670,5474,5881,4009,1615,4702,7636,5668,1337,3527,4655,3177,6715,3131,3560,8424,7254,4480,7061,7648,3348,4771,1668,58,4860,7221,1050,6600,3561,2556,1099,3969,5869,6717,6372,3245,6013,1151,0,520,7579,7629,2461,7801,6578,2042,5908,1403,4927,2953,3096,5914,4883,3533
4246,2232,5551,5912,5234,5247,5166,4486,3127,4440,5574,2844,3895,5682,1588,5343,3974,3738,4231,2173,3247,4095,7918,5437,6046,4750,2281,8063,4411,6235,3851,4871,7762,373,1955,4229,1139,5005,5543,3497,1290,4636,7204,5150,1356,3049,4479,2690,6202,3419,3687,7929,6766,4533,6756,7139,2921,4660,1238,481,4531,6708,552,6080,3380,2067,977,3482,5349,6459,6270,2757,5502,631,520,0,7151,7450,1943,7368,6058,1648,5389,884,4418,2732,3448,5790,4380,3057
5010,4941,2642,1864,4244,2190,2176,2887,8132,2783,4460,5241,5236,1512,6215,2559,3968,6931,4559,5146,6759,3231,2402,3878,4044,3321,5405,3039,4096,3026,5690,3644,4895,7512,6286,5021,7859,2338,2359,5363,7390,5485,95,3752,6747,6266,4511,6175,3139,8008,6982,2398,1827,6532,2455,2911,6912,5076,5917,7522,8395,3174,6884,4146,4940,6295,7774,6045,4258,3180,5225,6150,3129,6663,7579,7151,0,4523,5542,264,4054,5538,4523,6497,5365,5118,8465,4896,5569,6295
3287,6004,2672,3131,7674,3563,5219,3864,6516,5138,1898,4611,7896,4714,7470,2975,3609,4905,7424,6459,5085,5550,6920,2053,7868,6429,5171,7544,3073,1791,8294,2717,412,7691,7785,3305,7516,5269,2956,7791,8364,3161,4613,7158,6332,8387,2975,8108,7111,6193,4984,6917,6127,4010,2086,7248,8864,2940,6424,7575,10711,7346,7520,7973,4073,7861,8389,8418,7744,1528,1611,8122,6739,7300,7629,7450,4523,0,6876,4728,7881,6005,8005,7285,8291,4721,6703,1836,8453,8416
4120,873,4511,4647,3310,3950,3424,3270,4554,2759,5173,2785,2100,4031,682,4242,3282,4527,2318,437,4047,2332,6031,4835,4113,2829,2234,6141,3862,5344,2195,4159,7246,2307,910,4109,3012,3258,4398,1728,1848,4692,5581,3207,2500,1722,4126,1359,4264,4724,4508,6042,4911,5023,5691,5210,2034,4546,1155,2417,3918,4768,1489,4151,3186,985,2282,1989,3427,5605,6056,1399,3570,1322,2461,1943,5542,6876,0,5731,4125,1259,3489,1085,2657,2550,4920,5521,2671,1745
5274,5150,2903,2127,4289,2450,2335,3139,8389,2973,4714,5496,5342,1701,6400,2823,4229,7194,4658,5341,7021,3409,2223,4135,4039,3425,5651,2871,4360,3267,5795,3908,5093,7731,6458,5285,8092,2500,2623,5486,7578,5748,178,3810,6987,6400,4775,6322,3126,8268,7245,2218,1773,6796,2674,2817,7051,5339,6137,7745,8497,3119,7090,4139,5200,6462,7975,6163,4296,3413,5469,6295,3176,6871,7801,7368,264,4728,5731,0,4048,5763,4557,6700,5447,5370,8724,5147,5651,6428
6635,4215,5264,4756,838,4359,2678,4348,8452,2991,6938,5901,2362,3185,4534,4982,5351,7942,1841,4004,7551,2812,2775,6357,15,1710,5628,2516,5865,6097,2670,5751,8292,6411,4307,6635,7136,2656,4950,2728,5551,7273,4016,995,6475,3594,6321,3755,923,8530,7954,2790,2307,8051,5908,1660,4208,6942,5159,6537,5031,1125,5561,94,5978,4238,6173,3162,732,6354,7905,3695,1151,5428,6578,6058,4054,7881,4125,4048,0,5030,817,5178,2068,5659,8827,7409,2244,3612
3001,818,3930,4265,4271,3599,3646,2838,3436,2904,4193,1594,3279,4099,1596,3710,2424,3270,3349,1101,2794,2635,6507,3955,5016,3490,1006,6731,2932,4657,3431,3335,6347,1991,2005,2987,2359,3494,3905,2936,2359,3526,5596,4049,1453,2970,3101,2596,4974,3556,3253,6517,5322,3776,5138,5846,3199,3432,433,1985,5069,5476,1545,5072,2061,2112,2456,3248,4389,4895,5005,2643,4258,1315,2042,1648,5538,6005,1259,5763,5030,0,4503,1280,3839,1386,3811,4485,3878,2992
6423,3707,5341,4933,331,4443,2810,4289,7939,2919,6886,5541,1582,3431,3831,5044,5171,7563,1171,3430,7144,2618,3535,6334,812,1586,5201,3321,5724,6215,1861,5687,8417,5732,3569,6420,6493,2741,5049,1965,4797,7066,4499,851,5921,2795,6163,2978,1561,8049,7567,3550,2905,7764,6123,2435,3399,6763,4580,5870,4244,1893,4874,790,5686,3491,5434,2354,271,6482,7863,2916,1400,4758,5908,5389,4523,8005,3489,4557,817,4503,0,4505,1252,5291,8313,7346,1427,2811
4235,1568,5152,5414,4352,4727,4435,3990,3818,3734,5466,2805,3017,5000,726,4914,3698,4141,3348,1382,3642,3347,7108,5235,5167,3914,2202,7226,4212,5912,2994,4609,7626,1233,1137,4220,2006,4271,5097,2620,1079,4719,6543,4281,1825,2247,4370,1872,5348,4058,4104,7120,5977,4814,6359,6295,2239,4665,870,1365,4008,5852,406,5199,3307,1255,1281,2653,4466,6156,6257,1936,4655,254,1403,884,6497,7285,1085,6700,5178,1280,4505,0,3546,2627,4164,5745,3517,2259
6233,3131,5633,5384,1323,4788,3359,4437,7211,3180,6935,5135,560,4059,2830,5328,5080,7068,878,2740,6611,2742,4722,6441,2063,2071,4692,4556,5674,6535,633,5755,8698,4734,2496,6227,5552,3239,5384,934,3664,6866,5359,1676,5157,1583,6066,1824,2714,7373,7060,4737,3948,7418,6585,3648,2157,6618,3809,4896,3095,3108,3877,2041,5391,2401,4325,1122,1388,6810,7903,1758,2321,3800,4927,4418,5365,8291,2657,5447,2068,3839,1252,3546,0,4882,7577,7367,205,1595
1615,1787,2991,3520,5009,2961,3648,2231,3067,2951,2859,253,4340,3875,2977,2848,1328,2283,4228,2249,1906,2908,6569,2706,5644,3972,451,6916,1686,3562,4580,2174,5040,2991,3373,1601,2978,3533,3069,4055,3692,2149,5193,4668,1766,4266,1759,3908,5382,3021,2295,6576,5372,2538,4155,6121,4559,2046,1758,2896,6438,5852,2816,5720,680,3475,3669,4483,5122,3767,3630,3947,4692,2605,2953,2732,5118,4721,2550,5370,5659,1386,5291,2627,4882,0,3423,3118,4961,4291
3715,4616,6052,6728,8081,6276,7063,5602,375,6349,4962,3254,7020,7293,4875,6008,4502,1803,7155,4891,1756,6237,9989,5217,8813,7225,3282,10317,4501,6303,7091,5035,6859,3307,5300,3698,2461,6941,6232,6647,4703,3582,8546,7838,2420,6409,4213,6031,8691,513,1725,9997,8791,2714,7032,9492,6359,3897,3770,3089,7954,9180,3969,8874,3528,5418,4178,6798,8199,6410,5130,6093,7981,3939,3096,3448,8465,6703,4920,8724,8827,3811,8313,4164,7577,3423,0,4878,7586,6422
1544,4662,2336,3086,7019,3152,4774,3067,4682,4439,476,2960,6898,4492,6042,2543,2307,3075,6550,5140,3249,4737,7124,1083,7394,5775,3555,7674,1705,1923,7243,1662,2051,5997,6405,1562,5744,4766,2666,6716,6810,1325,4991,6542,4590,7160,1396,6839,6787,4366,3154,7124,6112,2217,2653,7167,7554,1146,4875,5862,9436,7128,5929,7492,2440,6495,6753,7276,7109,1874,541,6865,6266,5721,5914,5790,4896,1836,5521,5147,7409,4485,7346,5745,7367,3118,4878,0,7500,7188
6341,3195,5800,5565,1519,4962,3552,4593,7222,3355,7072,5214,622,4255,2794,5495,5206,7125,1061,2786,6662,2909,4918,6586,2239,2270,4755,4742,5802,6702,536,5898,8858,4687,2440,6334,5517,3430,5556,944,3576,6970,5563,1881,5167,1470,6187,1742,2911,7395,7114,4933,4152,7499,6765,3839,2012,6731,3826,4854,2891,3298,3834,2212,5487,2339,4243,998,1578,6978,8037,1674,2526,3769,4883,4380,5569,8453,2671,5651,2244,3878,1427,3517,205,4961,7586,7500,0,1479
5839,2543,5890,5850,2801,5175,4131,4620,6073,3677,6812,4529,1265,4834,1550,5595,4899,6235,1920,2063,5746,3184,6105,6416,3604,3045,3979,6026,5496,6772,962,5724,8803,3325,1122,5828,4191,3976,5711,974,2116,6425,6310,2989,4049,30,5803,401,4118,6298,6211,6119,5175,6765,6996,5091,637,6260,2799,3511,2299,4567,2505,3597,4914,1004,2791,481,2891,7045,7727,349,3572,2492,3533,3057,6295,8416,1745,6428,3612,2992,2811,2259,1595,4291,6422,7188,1479,0
