0,8587,9768,9272,810,7876,6121,564,7142,9692,7984,8174,5710,4138,3002,7109,5887,6228,5616,6862,6289,3060,3098,5944,5708,6103,2878,1591,1775,6912,7172,8824,562,9584,3621,5447,7045,6097,8964,9265,8175,5568,3084,3227,1395,4878,7034,4659,4980,9936,2108,4990,2658,2178,2371,358,1875,8469,7215,8158,8710,11410,9569,8160,4780,3223,8534,8574,10455,8639,9663,6898,7399,9285,4463,2259,7330,5054,2475,6530,9835,5846,9408,8614,6127,4154,6099,7180,6482,6387,2942,8133,10942,8043,8227,9987,628,9264,2172,1049
8587,0,6746,9120,9377,10104,10539,8052,3660,6558,3504,439,10049,4944,5640,11406,7283,7016,7532,7077,2481,5675,5541,4128,2881,2583,8773,8545,9800,12218,5703,1507,9027,5419,8825,6622,8317,2564,9571,3723,10661,3628,7968,5387,9731,10536,10199,4112,10286,5582,6727,10709,5931,6650,7119,8253,7362,7967,1646,10802,6188,8715,9352,5164,4021,10040,8562,2890,8258,75,5362,2018,10441,7498,4454,6477,10394,10191,6154,8767,5434,11058,4502,2886,2478,4436,2539,1640,4373,11230,9662,9812,7865,10769,2743,7271,9087,7490,6656,7669
9768,6746,0,3140,10483,5337,7206,9256,3677,189,3347,6818,6944,8735,8240,7554,4314,3852,4709,3275,7464,7213,7407,4429,6868,6106,7852,10774,9817,8816,2602,5313,10329,1425,7327,4437,4054,6187,3899,3154,5808,5335,7111,7430,10103,8181,6091,7941,7795,1457,9156,8309,8093,9109,9961,9435,9843,2456,7436,5998,1062,2054,3231,1917,7971,8898,3037,3858,1523,6702,1529,5627,6106,1243,8325,7767,6101,7625,8450,4922,1552,8076,2366,3865,6941,7146,7118,7371,3730,7877,8678,4793,1295,6040,4019,529,10395,1252,9112,8760
9272,9120,3140,0,9834,2545,4881,8868,5521,3283,5639,9074,4803,9622,8727,4904,3433,3204,3660,2664,9107,7518,7800,5630,8328,7702,6714,10607,8752,6234,3531,7867,9797,4432,6013,4052,2246,7784,819,5972,2891,6585,6220,7897,9163,6201,3543,9024,5817,4558,9359,6284,8421,9336,10202,9001,9941,1179,9365,3082,3073,3038,306,3992,9096,7417,763,6412,2233,9094,4558,7527,3421,1916,9334,7780,3441,5640,8749,2953,4627,5789,5270,6432,8550,7999,8713,9296,5050,5430,7321,1959,3223,3154,6438,2765,9855,1911,9337,8423
810,9377,10483,9834,0,8285,6359,1374,7938,10414,8783,8962,5992,4829,3764,7303,6500,6867,6203,7503,7053,3870,3906,6739,6497,6908,3237,1701,1603,6958,7898,9633,394,10346,3992,6114,7592,6900,9478,10064,8542,6377,3614,4032,1085,5003,7383,5407,5163,10698,2792,5091,3446,2867,2877,1167,2407,9085,7981,8509,9430,12077,10126,8915,5526,3267,9110,9381,11115,9430,10428,7705,7743,9953,5187,3068,7674,5261,3239,7016,10600,5974,10193,9421,6911,4951,6877,7948,7264,6540,3064,8586,11637,8390,9035,10684,359,9932,2861,1846
7876,10104,5337,2545,8285,0,2466,7587,6474,5433,6893,9952,2535,9298,8158,2359,2981,3126,2907,3038,9451,6938,7256,6090,8590,8142,5048,9377,6963,3690,4495,9102,8338,6380,4293,3744,1787,8215,1770,7604,558,6903,4834,7401,7440,3930,1085,8911,3575,6596,8505,3977,7755,8503,9316,7673,8959,2883,9935,717,4868,5583,2692,5461,9011,5415,2317,7771,4744,10096,6512,8233,885,4119,9134,6929,915,3409,8026,1554,6624,3349,7044,7802,8914,7804,9050,9865,5734,2928,5419,586,5705,722,7685,5089,8386,4106,8502,7221
6121,10539,7206,4881,6359,2466,0,5968,7190,7257,7826,10293,517,8518,7222,1040,3429,3839,3090,4158,9312,6119,6436,6420,8439,8202,3270,7703,4871,1731,5564,9838,6495,7958,2589,3956,3153,8259,4180,8809,2459,6982,3453,6614,5387,1527,1382,8367,1235,8238,7254,1541,6757,7272,7979,6001,7549,4845,9980,2357,6479,7859,5078,6745,8486,3200,4443,8718,6948,10548,8086,8535,1639,6103,8487,5827,1587,1108,6946,2293,8228,908,8419,8755,8833,7278,8934,9916,6324,720,3311,2997,7839,2232,8536,7083,6531,6085,7270,5715
564,8052,9256,8868,1374,7587,5968,0,6581,9176,7423,7643,5531,3716,2513,6981,5458,5779,5208,6407,5784,2497,2543,5385,5178,5553,2698,1790,2045,6890,6656,8266,1107,9042,3407,4979,6660,5549,8596,8704,7915,5004,2755,2678,1776,4824,6794,4175,4882,9394,1736,4949,2137,1797,2177,207,1689,8029,6707,7911,8196,10931,9168,7624,4299,3267,8123,8010,9981,8103,9120,6342,7161,8808,4006,1695,7091,4937,1989,6192,9292,5776,8854,8050,5602,3616,5580,6669,5931,6293,2941,7812,10444,7799,7663,9489,1174,8787,1792,500
7142,3660,3677,5521,7938,6474,7190,6581,0,3513,848,3567,6738,5177,4936,7963,3790,3453,4101,3436,3803,4168,4258,1201,3193,2429,6190,7781,7768,8915,2045,2667,7687,2790,5990,3247,4689,2511,5925,2129,7032,1805,5335,4219,7888,7492,6663,4331,7181,3110,5987,7659,4919,5926,6712,6784,6705,4350,3889,7180,2823,5728,5772,1784,4347,7454,4924,1611,5045,3644,2820,2037,6874,4081,4731,4904,6832,7055,5265,5215,2975,7834,2328,1652,3270,3687,3447,3821,885,7905,7122,6160,4958,7155,1364,4141,7754,4069,5931,6093
9692,6558,189,3283,10414,5433,7257,9176,3513,0,3166,6632,6983,8593,8118,7628,4304,3837,4702,3276,7294,7105,7293,4292,6706,5941,7821,10678,9775,8880,2520,5124,10254,1240,7310,4394,4105,6022,4029,2965,5913,5189,7070,7312,10052,8202,6164,7791,7819,1289,9045,8334,7979,8997,9846,9357,9736,2550,7256,6102,984,2227,3385,1768,7820,8884,3146,3669,1712,6514,1347,5452,6189,1372,8178,7671,6182,7650,8336,4967,1378,8120,2178,3676,6773,7010,6950,7192,3595,7933,8658,4897,1446,6141,3833,718,10320,1380,9001,8679
7984,3504,3347,5639,8783,6893,7826,7423,848,3166,0,3515,7394,5838,5707,8544,4398,4013,4741,3879,4190,4994,5069,2049,3712,2920,7007,8591,8613,9557,2399,2245,8528,2218,6776,3938,5134,2996,6140,1282,7449,2562,6153,5019,8736,8224,7191,4959,7900,2496,6779,8389,5719,6716,7483,7626,7498,4507,4091,7609,2688,5387,5861,1661,4959,8263,5123,896,4818,3472,2216,2315,7372,3997,5369,5742,7337,7766,6060,5748,2350,8512,1574,931,3700,4424,3877,4028,1664,8545,7938,6524,4570,7596,807,3854,8595,3989,6721,6937
8174,439,6818,9074,8962,9952,10293,7643,3567,6632,3515,0,9798,4505,5217,11180,7088,6843,7319,6942,2042,5288,5144,3913,2466,2228,8434,8111,9413,11958,5609,1730,8609,5531,8511,6406,8168,2200,9492,3881,10506,3337,7640,4986,9334,10240,10004,3676,9999,5717,6298,10413,5517,6221,6682,7843,6929,7910,1218,10642,6201,8817,9315,5161,3584,9694,8490,2995,8317,507,5483,1760,10255,7508,4016,6084,10207,9909,5733,8581,5567,10787,4638,2997,2054,4030,2108,1207,4220,10977,9314,9681,7974,10605,2799,7338,8668,7499,6227,7267
5710,10049,6944,4803,5992,2535,517,5531,6738,6983,7394,9798,0,8007,6716,1543,3011,3442,2653,3812,8797,5606,5923,5937,7924,7695,2839,7283,4550,2181,5175,9375,6107,7625,2129,3494,2905,7751,4155,8409,2638,6480,2961,6101,5055,1410,1480,7850,1042,7916,6772,1482,6254,6789,7509,5573,7086,4645,9471,2569,6169,7720,5023,6373,7969,2924,4299,8283,6788,10060,7752,8041,1807,5884,7972,5327,1744,874,6449,2030,7899,1152,8046,8320,8321,6761,8420,9406,5866,1181,2984,3009,7647,2445,8091,6854,6146,5866,6786,5258
4138,4944,8735,9622,4829,9298,8518,3716,5177,8593,5838,4505,8007,0,1350,9550,6432,6496,6410,6966,2464,2411,2089,4312,2294,3028,5618,3679,5742,9859,6384,5671,4442,7967,6062,5687,7804,2972,9668,6951,9771,3408,5116,1921,5490,7821,8856,914,7734,8283,2038,7981,1833,1965,2207,3878,2530,8517,3361,9835,7746,10730,9923,6826,962,6639,8873,6040,9919,5010,7994,3848,9200,8798,509,2771,9134,7720,1791,7744,8145,8649,7411,6070,2562,1635,2450,3346,5011,9046,6259,9295,10030,9751,5679,9136,4491,8780,1971,3525
3002,5640,8240,8727,3764,8158,7222,2513,4936,8118,5707,5217,6716,1350,0,8259,5400,5535,5322,6066,3289,1230,929,3869,2766,3286,4269,2990,4480,8525,5734,6058,3400,7671,4730,4695,6769,3261,8686,6929,8605,3145,3792,836,4281,6478,7640,1662,6400,8009,1125,6636,483,1052,1777,2698,1829,7679,4217,8657,7202,10153,9032,6388,1787,5295,7966,6101,9283,5697,7719,4126,7992,8124,1521,1426,7925,6392,527,6612,7882,7318,7259,6137,3163,1332,3118,4184,4546,7729,4913,8205,9518,8566,5737,8587,3458,8105,1058,2243
7109,11406,7554,4904,7303,2359,1040,6981,7963,7628,8544,11180,1543,9550,8259,0,4173,4531,3883,4740,10281,7147,7465,7278,9405,9132,4285,8698,5772,1332,6206,10628,7461,8448,3622,4786,3586,9192,4125,9449,2117,7898,4493,7642,6298,2329,1464,9382,2140,8702,8291,2279,7796,8311,9011,7005,8577,5114,10923,1955,6939,7941,5048,7335,9499,4076,4614,9440,7088,11412,8579,9420,1488,6379,9510,6866,1477,2055,7986,2820,8709,1406,8994,9475,9791,8286,9897,10857,7118,821,4239,2945,8034,1846,9285,7362,7494,6363,8308,6742
5887,7283,4314,3433,6500,2981,3429,5458,3790,4304,4398,7088,3011,6432,5400,4173,0,473,402,1057,6472,4172,4473,3178,5609,5181,3582,7179,5602,5160,2181,6455,6427,4730,3016,766,1373,5251,3292,5398,3511,3935,2925,4594,5947,4008,2916,5973,3645,5046,5949,4157,5054,5930,6790,5600,6513,2585,6981,3621,3378,5628,3737,3398,6067,4584,2676,5291,4655,7284,4850,5339,3170,3529,6222,4360,3120,3491,5367,1500,5008,4149,5063,5328,5938,4878,6072,6912,2949,4149,4373,2882,5295,3567,5120,4378,6487,3508,5931,5001
6228,7016,3852,3204,6867,3126,3839,5779,3453,3837,4013,6843,3442,6496,5535,4531,473,0,875,636,6355,4318,4606,2964,5507,5023,4020,7470,6025,5568,1733,6120,6775,4260,3475,848,1384,5097,3172,4971,3675,3792,3330,4711,6354,4475,3210,5978,4109,4574,6157,4623,5219,6133,7000,5930,6750,2254,6810,3804,2906,5223,3510,2941,6065,5047,2441,4909,4254,7012,4381,5111,3430,3109,6252,4585,3386,3953,5545,1762,4537,4587,4611,4944,5810,4905,5953,6741,2648,4559,4828,2939,4858,3763,4756,3932,6837,3088,6134,5309
5616,7532,4709,3660,6203,2907,3090,5208,4101,4702,4741,7319,2653,6410,5322,3883,402,875,0,1439,6602,4092,4402,3407,5731,5350,3220,6953,5253,4820,2571,6756,6147,5131,2631,914,1483,5417,3437,5770,3411,4102,2602,4536,5612,3611,2701,6004,3251,5448,5801,3762,4951,5788,6638,5341,6338,2895,7153,3503,3779,5978,3960,3791,6104,4193,2918,5630,5004,7536,5251,5562,2985,3894,6231,4206,2929,3099,5250,1363,5409,3780,5453,5668,6078,4898,6205,7085,3242,3808,3990,2888,5669,3437,5446,4760,6206,3873,5788,4764
6862,7077,3275,2664,7503,3038,4158,6407,3436,3276,3879,6942,3812,6966,6066,4740,1057,636,1439,0,6636,4865,5141,3168,5812,5264,4638,8087,6653,5865,1486,6068,7410,3814,4069,1442,1258,5342,2746,4710,3596,4069,3963,5235,6987,4949,3336,6396,4571,4110,6735,5087,5772,6708,7578,6561,7343,1643,7018,3747,2385,4587,2968,2599,6475,5632,1908,4768,3618,7067,3940,5253,3497,2477,6693,5177,3464,4407,6106,1920,4088,4964,4267,4800,6083,5351,6235,6948,2725,4869,5428,2739,4238,3727,4660,3322,7472,2456,6710,5935
6289,2481,7464,9107,7053,9451,9312,5784,3803,7294,4190,2042,8797,2464,3289,10281,6472,6355,6602,6636,0,3628,3413,3486,876,1410,6982,6098,7670,10875,5590,3367,6686,6407,7203,5717,7739,1327,9360,5049,9983,2569,6269,3233,7528,8991,9285,1667,8807,6673,4321,9163,3650,4244,4653,5976,4922,7932,929,10091,6623,9518,9384,5587,1563,8184,8426,4089,8848,2548,6399,1881,9584,7855,1981,4356,9527,8746,3815,7954,6524,9666,5666,4111,557,2286,402,901,4065,9946,7795,9294,8728,10031,3765,7940,6742,7841,4250,5457
3060,5675,7213,7518,3870,6938,6119,2497,4168,7105,4994,5288,5606,2411,1230,7147,4172,4318,4092,4865,3628,0,322,3002,2877,3114,3396,3631,4125,7515,4650,5779,3577,6782,3730,3475,5539,3121,7460,6264,7393,2513,2774,495,4071,5520,6452,2308,5395,7129,1945,5686,911,1902,2767,2704,2631,6490,4496,7450,6159,9067,7824,5426,2435,4562,6756,5532,8172,5719,6844,3870,6800,7002,2375,817,6733,5365,1258,5389,7013,6298,6483,5571,3318,1343,3340,4447,3623,6668,4173,6977,8471,7362,5180,7527,3643,6982,1905,2050
3098,5541,7407,7800,3906,7256,6436,2543,4258,7293,5069,5144,5923,2089,929,7465,4473,4606,4402,5141,3413,322,0,3121,2702,3013,3669,3523,4281,7820,4864,5727,3591,6923,4029,3766,5843,3011,7757,6328,7713,2541,3074,191,4190,5814,6774,2023,5697,7267,1758,5979,686,1707,2554,2749,2466,6759,4300,7771,6358,9286,8105,5592,2152,4809,7038,5564,8401,5589,6980,3800,7122,7236,2067,948,7055,5671,1043,5705,7147,6604,6584,5602,3139,1134,3147,4255,3768,6980,4420,7289,8674,7683,5207,7734,3655,7217,1711,2131
5944,4128,4429,5630,6739,6090,6420,5385,1201,4292,2049,3913,5937,4312,3869,7278,3178,2964,3407,3168,3486,3002,3121,0,2698,2098,5072,6631,6583,8115,2153,3503,6491,3807,4940,2494,4328,2177,5876,3330,6639,969,4218,3104,6692,6539,6091,3553,6255,4149,4873,6710,3798,4817,5632,5587,5586,4461,3857,6765,3434,6418,5912,2536,3599,6349,4941,2743,5622,4134,3861,2161,6348,4531,3921,3716,6298,6145,4151,4676,4027,6978,3484,2784,2929,2718,3088,3787,699,7118,6004,5874,5722,6721,2439,4824,6558,4514,4821,4895
5708,2881,6868,8328,6497,8590,8439,5178,3193,6706,3712,2466,7924,2294,2766,9405,5609,5507,5731,5812,876,2877,2702,2698,0,792,6172,5712,6982,10010,4839,3391,6146,5916,6361,4851,6891,720,8549,4726,9120,1747,5436,2535,6881,8144,8410,1382,7952,6207,3868,8316,3051,3792,4336,5378,4529,7159,1632,9225,5971,8915,8610,4961,1337,7395,7631,3790,8198,2935,5923,1562,8711,7162,1787,3649,8653,7887,3274,7086,6062,8803,5258,3818,441,1573,498,1579,3322,9076,7008,8446,8151,9164,3437,7322,6206,7148,3798,4810
6103,2583,6106,7702,6908,8142,8202,5553,2429,5941,2920,2228,7695,3028,3286,9132,5181,5023,5350,5264,1410,3114,3013,2098,792,0,6206,6275,7232,9828,4181,2772,6577,5127,6302,4444,6402,83,7973,3944,8684,1248,5418,2876,7185,8050,8051,2116,7825,5416,4411,8223,3488,4337,4961,5758,5103,6526,1803,8800,5234,8157,7977,4209,2092,7466,7027,3017,7461,2621,5133,846,8333,6452,2530,3927,8279,7744,3760,6678,5270,8639,4466,3047,857,1976,1029,1735,2656,8866,7086,7955,7383,8748,2660,6569,6640,6438,4343,5142
2878,8773,7852,6714,3237,5048,3270,2698,6190,7821,7007,8434,2839,5618,4269,4285,3582,4020,3220,4638,6982,3396,3669,5072,6172,6206,0,4444,2045,4305,5430,8510,3303,8041,755,3444,4471,6238,6292,8236,5315,5192,856,3860,2453,2230,4164,5692,2218,8382,4077,2380,3786,4106,4749,2734,4302,6094,7803,5290,6856,9198,6994,6606,5821,1282,6023,7794,8224,8804,8146,6796,4527,7111,5705,2847,4458,2255,3894,3818,8315,3134,8138,7835,6609,4723,6660,7748,5344,3620,932,5357,8876,5173,7506,7952,3348,7090,4103,2466
1591,8545,10774,10607,1701,9377,7703,1790,7781,10678,8591,8111,7283,3679,2990,8698,7179,7470,6953,8087,6098,3631,3523,6631,5712,6275,4444,0,3236,8496,8177,9047,1371,10410,5174,6646,8419,6248,10364,9845,9702,6048,4545,3575,2754,6469,8576,4437,6571,10758,1865,6579,2879,1938,1483,1715,1183,9724,7017,9695,9712,12538,10909,9039,4535,4797,9855,9055,11606,8606,10474,7116,8942,10429,4126,3007,8872,6643,2553,7976,10643,7437,10105,9092,6078,4319,6006,6996,7252,7978,4529,9599,12002,9582,8693,11048,1370,10408,1932,2191
1775,9800,9817,8752,1603,6963,4871,2045,7768,9775,8613,9413,4550,5742,4480,5772,5602,6025,5253,6653,7670,4125,4281,6583,6982,7232,2045,3236,0,5363,7319,9811,1869,9891,2744,5381,6514,7242,8306,9882,7163,6451,2706,4451,531,3449,5995,6126,3647,10239,3781,3524,4051,3842,4141,1916,3644,8136,8573,7111,8797,11229,9030,8445,6254,1699,8067,9320,10256,9844,9988,7952,6343,9130,5998,3334,6276,3763,3974,5835,10159,4413,9885,9361,7420,5413,7424,8530,6988,4989,1566,7323,10882,6988,8999,9947,1879,9109,3837,2237
6912,12218,8816,6234,6958,3690,1731,6890,8915,8880,9557,11958,2181,9859,8525,1332,5160,5568,4820,5865,10875,7515,7820,8115,10010,9828,4305,8496,5363,0,7289,11556,7178,9641,3797,5674,4791,9881,5457,10537,3439,8629,4748,8006,5893,2079,2742,9811,2125,9911,8380,1943,8045,8411,9024,6875,8558,6396,11585,3270,8147,9269,6380,8461,9935,3703,5920,10449,8407,12231,9771,10206,2813,7663,9887,7100,2796,2150,8184,3964,9908,1217,10132,10486,10418,8753,10508,11522,8045,1012,3970,4275,9343,3166,10265,8647,7201,7647,8407,6741
7172,5703,2602,3531,7898,4495,5564,6656,2045,2520,2399,5609,5175,6384,5734,6206,2181,1733,2571,1486,5590,4650,4864,2153,4839,4181,5430,8177,7319,7289,0,4612,7734,2619,5005,1997,2736,4263,3885,3249,5052,3122,4636,4906,7570,6180,4818,5678,5822,2955,6594,6332,5545,6552,7413,6837,7270,2352,5835,5210,1540,4422,3800,1223,5733,6576,2894,3284,3553,5686,2730,4004,4983,2414,6028,5171,4950,5670,5900,3389,2896,6320,2882,3316,5034,4754,5201,5766,1525,6282,6311,4142,3829,5197,3190,2879,7800,2396,6555,6159
8824,1507,5313,7867,9633,9102,9838,8266,2667,5124,2245,1730,9375,5671,6058,10628,6455,6120,6756,6068,3367,5779,5727,3503,3391,2772,8510,9047,9811,11556,4612,0,9316,3950,8433,5882,7326,2799,8385,2228,9660,3364,7666,5608,9824,10041,9329,4767,9752,4093,7183,10212,6247,7109,7714,8472,7872,6748,2792,9814,4850,7244,8079,3875,4709,9792,7368,1474,6834,1448,3885,1938,9534,6151,5162,6595,9494,9636,6528,7881,3947,10449,3017,1460,3116,4743,3248,2754,3514,10549,9432,8753,6391,9795,1438,5842,9380,6145,7115,7829
562,9027,10329,9797,394,8338,6495,1107,7687,10254,8528,8609,6107,4442,3400,7461,6427,6775,6147,7410,6686,3577,3591,6491,6146,6577,3303,1371,1869,7178,7734,9316,0,10144,4056,6000,7564,6567,9471,9808,8617,6090,3589,3708,1384,5186,7467,5034,5321,10496,2407,5284,3100,2482,2485,909,2013,9011,7615,8593,9272,11965,10092,8721,5151,3475,9064,9104,11008,9081,10222,7383,7829,9840,4806,2790,7760,5408,2878,7024,10394,6158,9961,9144,6556,4612,6517,7583,7037,6714,3238,8615,11502,8476,8755,10547,67,9819,2476,1603
9584,5419,1425,4432,10346,6380,7958,9042,2790,1240,2218,5531,7625,7967,7671,8448,4730,4260,5131,3814,6407,6782,6923,3807,5916,5127,8041,10410,9891,9641,2619,3950,10144,0,7624,4616,4863,5204,5132,1747,6891,4583,7233,6911,10110,8734,6991,7114,8364,352,8678,8879,7603,8623,9439,9235,9389,3547,6260,7076,1515,3296,4565,1446,7125,9195,4181,2537,2933,5370,132,4529,7066,2525,7518,7438,7050,8204,7957,5677,278,8777,950,2537,5918,6462,6095,6200,3159,8660,8928,5881,2446,7100,2756,1946,10211,2527,8627,8543
3621,8825,7327,6013,3992,4293,2589,3407,5990,7310,6776,8511,2129,6062,4730,3622,3016,3475,2631,4069,7203,3730,4029,4940,6361,6302,755,5174,2744,3797,5005,8433,4056,7624,0,3009,3783,6343,5564,7964,4561,5201,956,4217,3182,1796,3414,6036,1672,7957,4673,1965,4253,4695,5390,3459,4960,5451,7979,4539,6364,8579,6288,6210,6162,1577,5340,7601,7605,8850,7735,6818,3778,6518,6095,3309,3709,1662,4408,3091,7901,2588,7798,7642,6789,5005,6858,7920,5118,3015,1360,4608,8299,4423,7337,7391,4102,6497,4692,3129
5447,6622,4437,4052,6114,3744,3956,4979,3247,4394,3938,6406,3494,5687,4695,4786,766,848,914,1442,5717,3475,3766,2494,4851,4444,3444,6646,5381,5674,1997,5882,6000,4616,3009,0,2121,4512,3995,5040,4269,3196,2676,3876,5671,4296,3613,5211,3964,4952,5309,4458,4372,5285,6152,5138,5906,3084,6247,4374,3420,5965,4358,3201,5304,4579,3289,4814,5008,6627,4726,4648,3889,3840,5466,3740,3835,3829,4697,2238,4893,4587,4808,4853,5186,4120,5317,6179,2372,4667,4315,3646,5535,4315,4606,4588,6063,3819,5286,4501
7045,8317,4054,2246,7592,1787,3153,6660,4689,4105,5134,8168,2905,7804,6769,3586,1373,1384,1483,1258,7739,5539,5843,4328,6891,6402,4471,8419,6514,4791,2736,7326,7564,4863,3783,2121,0,6477,1954,5919,2344,5174,3979,5966,6919,4210,2138,7329,3820,5123,7282,4323,6414,7267,8119,6784,7821,1761,8183,2491,3359,4892,2534,3782,7420,5237,1557,6020,3935,8309,4994,6457,2261,2980,7587,5688,2233,3644,6720,875,5126,4025,5422,6052,7194,6241,7337,8113,3949,3830,5112,1555,4754,2469,5918,3949,7620,2962,7267,6228
6097,2564,6187,7784,6900,8215,8259,5549,2511,6022,2996,2200,7751,2972,3261,9192,5251,5097,5417,5342,1327,3121,3011,2177,720,83,6238,6248,7242,9881,4263,2799,6567,5204,6343,4512,6477,0,8052,4009,8755,1316,5454,2871,7190,8095,8117,2059,7873,5492,4385,8268,3473,4311,4924,5753,5073,6607,1737,8871,5317,8239,8059,4291,2031,7495,7108,3079,7544,2604,5209,886,8401,6535,2472,3931,8346,7793,3740,6747,5346,8691,4538,3108,774,1959,946,1669,2738,8921,7114,8030,7464,8818,2723,6651,6629,6521,4317,5142
8964,9571,3899,819,9478,1770,4180,8596,5925,4029,6140,9492,4155,9668,8686,4125,3292,3172,3437,2746,9360,7460,7757,5876,8549,7973,6292,10364,8306,5457,3885,8385,9471,5132,5564,3995,1954,8052,0,6593,2078,6802,5883,7871,8743,5565,2813,9132,5189,5285,9231,5635,8346,9215,10070,8714,9775,1649,9691,2268,3702,3839,923,4533,9214,6888,1017,6954,3052,9550,5260,7879,2655,2657,9417,7638,2681,5014,8659,2474,5342,5081,5927,6978,8805,8071,8961,9621,5356,4689,6825,1194,4042,2345,6947,3555,9526,2649,9216,8173
9265,3723,3154,5972,10064,7604,8809,8704,2129,2965,1282,3881,8409,6951,6929,9449,5398,4971,5770,4710,5049,6264,6328,3330,4726,3944,8236,9845,9882,10537,3249,2228,9808,1747,7964,5040,5919,4009,6593,0,8146,3798,7385,6270,10013,9334,8041,6049,8993,1865,8018,9493,6968,7953,8699,8907,8737,4948,4743,8319,2900,5025,6145,2143,6033,9478,5591,960,4674,3669,1669,3198,8180,4131,6463,7020,8152,8851,7303,6629,1721,9547,798,942,4626,5623,4795,4689,2902,9529,9162,7168,4170,8323,1293,3681,9874,4129,7958,8218
8175,10661,5808,2891,8542,558,2459,7915,7032,5913,7449,10506,2638,9771,8605,2117,3511,3675,3411,3596,9983,7393,7713,6639,9120,8684,5315,9702,7163,3439,5052,9660,8617,6891,4561,4269,2344,8755,2078,8146,0,7442,5178,7864,7656,3977,1168,9408,3650,7098,8907,4000,8192,8908,9707,7990,9335,3367,10479,192,5385,5917,2992,6005,9510,5561,2772,8325,5120,10653,7023,8785,832,4577,9621,7345,894,3495,8453,2048,7131,3283,7575,8356,9449,8299,9583,10409,6290,2796,5602,1016,6100,273,8242,5533,8663,4564,8907,7569
5568,3628,5335,6585,6377,6903,6982,5004,1805,5189,2562,3337,6480,3408,3145,7898,3935,3792,4102,4069,2569,2513,2541,969,1747,1248,5192,6048,6451,8629,3122,3364,6090,4583,5201,3196,5174,1316,6802,3798,7442,0,4367,2473,6483,6908,6803,2609,6663,4910,4221,7081,3170,4157,4921,5210,4940,5420,3051,7556,4368,7349,6870,3421,2647,6472,5885,3023,6573,3651,4620,1617,7085,5494,2990,3309,7031,6572,3505,5431,4777,7452,4116,3062,2020,1882,2167,2983,1641,7655,6103,6729,6630,7502,2668,5751,6156,5478,4162,4540
3084,7968,7111,6220,3614,4834,3453,2755,5335,7070,6153,7640,2961,5116,3792,4493,2925,3330,2602,3963,6269,2774,3074,4218,5436,5418,856,4545,2706,4748,4636,7666,3589,7233,956,2676,3979,5454,5883,7385,5178,4367,0,3261,3024,2749,4083,5080,2624,7578,3817,2916,3319,3831,4575,2852,4175,5497,7061,5184,6095,8550,6512,5792,5206,2131,5498,6938,7578,7997,7335,5978,4450,6439,5140,2380,4380,2604,3494,3446,7506,3535,7301,6979,5868,4054,5930,7003,4491,3937,1788,5059,8180,5076,6651,7243,3644,6418,3829,2391
3227,5387,7430,7897,4032,7401,6614,2678,4219,7312,5019,4986,6101,1921,836,7642,4594,4711,4536,5235,3233,495,191,3104,2535,2876,3860,3575,4451,8006,4906,5608,3708,6911,4217,3876,5966,2871,7871,6270,7864,2473,3261,0,4348,6004,6935,1832,5884,7253,1770,6168,700,1713,2537,2882,2487,6843,4125,7924,6387,9328,8202,5598,1961,4999,7137,5488,8452,5435,6965,3675,7281,7291,1881,1123,7215,5857,1048,5849,7131,6790,6547,5525,2970,962,2973,4080,3764,7163,4610,7424,8703,7837,5128,7768,3772,7272,1717,2282
1395,9731,10103,9163,1085,7440,5387,1776,7888,10052,8736,9334,5055,5490,4281,6298,5947,6354,5612,6987,7528,4071,4190,6692,6881,7185,2453,2754,531,5893,7570,9824,1384,10110,3182,5671,6919,7190,8743,10013,7656,6483,3024,4348,0,3978,6489,5941,4169,10460,3483,4055,3880,3549,3758,1612,3265,8506,8444,7608,9070,11574,9446,8665,6067,2228,8466,9410,10602,9778,10203,7935,6840,9463,5782,3259,6773,4280,3760,6269,10375,4943,10057,9450,7313,5308,7304,8403,7139,5518,2076,7784,11197,7486,9080,10256,1385,9442,3543,2073
4878,10536,8181,6201,5003,3930,1527,4824,7492,8202,8224,10240,1410,7821,6478,2329,4008,4475,3611,4949,8991,5520,5814,6539,8144,8050,2230,6469,3449,2079,6180,10041,5186,8734,1796,4296,4210,8095,5565,9334,3977,6908,2749,6004,3978,0,2855,7828,390,9043,6301,173,5996,6332,6946,4818,6483,5970,9754,3882,7334,9081,6427,7402,7954,1750,5670,9088,8136,10557,8856,8520,3149,7182,7876,5052,3091,567,6120,3346,9011,972,9058,9128,8568,6801,8641,9693,6607,1540,1948,4418,8963,3757,8856,8135,5215,7162,6329,4662
7034,10199,6091,3543,7383,1085,1382,6794,6663,6164,7191,10004,1480,8856,7640,1464,2916,3210,2701,3336,9285,6452,6774,6091,8410,8051,4164,8576,5995,2742,4818,9329,7467,6991,3414,3613,2138,8117,2813,8041,1168,6803,4083,6935,6489,2855,0,8565,2510,7242,7863,2896,7207,7869,8646,6861,8258,3656,9854,1126,5480,6557,3722,5913,8674,4398,3180,8086,5675,10200,7123,8252,367,4923,8746,6328,297,2348,7448,1448,7251,2272,7560,8120,8769,7453,8890,9786,5850,1887,4434,1622,6603,1009,7954,5907,7511,4907,7868,6467
4659,4112,7941,9024,5407,8911,8367,4175,4331,7791,4959,3676,7850,914,1662,9382,5973,5978,6004,6396,1667,2308,2023,3553,1382,2116,5692,4437,6126,9811,5678,4767,5034,7114,6036,5211,7329,2059,9132,6049,9408,2609,5080,1832,5941,7828,8565,0,7696,7424,2655,7994,2075,2578,3009,4359,3257,7890,2594,9489,6977,9958,9320,6024,130,6816,8289,5132,9175,4174,7135,2934,8895,8079,414,2901,8832,7661,2187,7362,7283,8594,6528,5162,1674,1112,1580,2568,4243,8944,6428,8855,9235,9413,4772,8360,5089,8062,2584,3890
4980,10286,7795,5817,5163,3575,1235,4882,7181,7819,7900,9999,1042,7734,6400,2140,3645,4109,3251,4571,8807,5395,5697,6255,7952,7825,2218,6571,3647,2125,5822,9752,5321,8364,1672,3964,3820,7873,5189,8993,3650,6663,2624,5884,4169,390,2510,7696,0,8671,6291,516,5922,6318,6967,4892,6515,5580,9550,3565,6956,8691,6046,7042,7821,1966,5280,8770,7746,10304,8487,8268,2818,6792,7764,4977,2758,177,6067,2956,8641,921,8703,8809,8370,6649,8450,9488,6296,1411,2101,4051,8573,3440,8545,7746,5354,6773,6315,4682
9936,5582,1457,4558,10698,6596,8238,9394,3110,1289,2496,5717,7916,8283,8009,8702,5046,4574,5448,4110,6673,7129,7267,4149,6207,5416,8382,10758,10239,9911,2955,4093,10496,352,7957,4952,5123,5492,5285,1865,7098,4910,7578,7253,10460,9043,7242,7424,8671,0,9021,9187,7946,8966,9778,9587,9733,3736,6491,7284,1764,3166,4671,1795,7432,9531,4360,2726,2907,5529,290,4792,7304,2642,7829,7789,7290,8510,8300,5951,151,9066,1080,2722,6194,6791,6370,6432,3506,8936,9266,6083,2310,7313,2974,1947,10563,2647,8970,8895
2108,6727,9156,9359,2792,8505,7254,1736,5987,9045,6779,6298,6772,2038,1125,8291,5949,6157,5801,6735,4321,1945,1758,4873,3868,4411,4077,1865,3781,8380,6594,7183,2407,8678,4673,5309,7282,4385,9231,8018,8907,4221,3817,1770,3483,6301,7863,2655,6291,9021,0,6444,1075,77,843,1875,719,8375,5249,8935,8103,11010,9665,7350,2766,4894,8596,7207,10110,6785,8734,5251,8226,8937,2402,1595,8157,6314,722,6998,8900,7210,8315,7244,4250,2454,4190,5222,5526,7679,4537,8626,10416,8834,6844,9472,2457,8917,71,1677
4990,10709,8309,6284,5091,3977,1541,4949,7659,8334,8389,10413,1482,7981,6636,2279,4157,4623,3762,5087,9163,5686,5979,6710,8316,8223,2380,6579,3524,1943,6332,10212,5284,8879,1965,4458,4323,8268,5635,9493,4000,7081,2916,6168,4055,173,2896,7994,516,9187,6444,0,6154,6477,7081,4938,6615,6080,9926,3898,7472,9183,6505,7553,8120,1827,5766,9254,8242,10730,9001,8693,3177,7299,8040,5210,3122,684,6274,3455,9156,889,9212,9293,8740,6970,8813,9866,6774,1473,2050,4478,9077,3773,9023,8256,5311,7280,6473,4799
2658,5931,8093,8421,3446,7755,6757,2137,4919,7979,5719,5517,6254,1833,483,7796,5054,5219,4951,5772,3650,911,686,3798,3051,3488,3786,2879,4051,8045,5545,6247,3100,7603,4253,4372,6414,3473,8346,6968,8192,3170,3319,700,3880,5996,7207,2075,5922,7946,1075,6154,0,1021,1869,2332,1788,7401,4570,8238,7043,9966,8727,6278,2204,4817,7659,6178,9077,5984,7659,4309,7563,7909,1979,945,7495,5915,357,6217,7825,6841,7247,6215,3469,1514,3444,4532,4451,7256,4434,7823,9359,8144,5817,8418,3162,7889,1025,1817
2178,6650,9109,9336,2867,8503,7272,1797,5926,8997,6716,6221,6789,1965,1052,8311,5930,6133,5788,6708,4244,1902,1707,4817,3792,4337,4106,1938,3842,8411,6552,7109,2482,8623,4695,5285,7267,4311,9215,7953,8908,4157,3831,1713,3549,6332,7869,2578,6318,8966,77,6477,1021,0,871,1940,784,8346,5172,8938,8058,10969,9642,7299,2689,4938,8573,7140,10071,6708,8678,5178,8232,8900,2326,1583,8163,6339,666,6992,8844,7238,8254,7176,4173,2383,4113,5145,5472,7703,4580,8619,10372,8838,6777,9428,2533,8880,6,1722
2371,7119,9961,10202,2877,9316,7979,2177,6712,9846,7483,6682,7509,2207,1777,9011,6790,7000,6638,7578,4653,2767,2554,5632,4336,4961,4749,1483,4141,9024,7413,7714,2485,9439,5390,6152,8119,4924,10070,8699,9707,4921,4575,2537,3758,6946,8646,3009,6967,9778,843,7081,1869,871,0,2250,497,9217,5562,9729,8912,11833,10508,8135,3098,5441,9439,7856,10939,7182,9490,5807,9011,9768,2672,2432,8941,7003,1513,7820,9654,7878,9036,7891,4675,3079,4589,5545,6300,8369,5107,9450,11228,9626,7491,10287,2518,9748,869,2286
358,8253,9435,9001,1167,7673,6001,207,6784,9357,7626,7843,5573,3878,2698,7005,5600,5930,5341,6561,5976,2704,2749,5587,5378,5758,2734,1715,1916,6875,6837,8472,909,9235,3459,5138,6784,5753,8714,8907,7990,5210,2852,2882,1612,4818,6861,4359,4892,9587,1875,4938,2332,1940,2250,0,1756,8176,6900,7981,8375,11095,9300,7814,4483,3221,8258,8216,10143,8304,9313,6548,7227,8971,4181,1901,7157,4955,2172,6297,9485,5777,9053,8256,5800,3817,5776,6863,6128,6303,2911,7911,10617,7868,7869,9661,976,8950,1934,694
1875,7362,9843,9941,2407,8959,7549,1689,6705,9736,7498,6929,7086,2530,1829,8577,6513,6750,6338,7343,4922,2631,2466,5586,4529,5103,4302,1183,3644,8558,7270,7872,2013,9389,4960,5906,7821,5073,9775,8737,9335,4940,4175,2487,3265,6483,8258,3257,6515,9733,719,6615,1788,784,497,1756,0,8986,5844,9351,8787,11676,10246,8053,3359,4956,9179,7924,10767,7423,9446,5946,8624,9591,2958,2166,8554,6557,1440,7482,9613,7422,9033,7960,4895,3161,4823,5822,6234,7921,4627,9115,11097,9246,7560,10149,2050,9571,779,1836
8469,7967,2456,1179,9085,2883,4845,8029,4350,2550,4507,7910,4645,8517,7679,5114,2585,2254,2895,1643,7932,6490,6759,4461,7159,6526,6094,9724,8136,6396,2352,6748,9011,3547,5451,3084,1761,6607,1649,4948,3367,5420,5497,6843,8506,5970,3656,7890,5580,3736,8375,6080,7401,8346,9217,8176,8986,0,8187,3555,2073,3143,1452,2886,7958,6955,643,5310,2178,7943,3678,6349,3653,1267,8211,6820,3650,5403,7738,2626,3776,5739,4299,5333,7375,6886,7539,8117,3872,5486,6803,2351,3002,3591,5312,2251,9071,1251,8348,7563
7215,1646,7436,9365,7981,9935,9980,6707,3889,7256,4091,1218,9471,3361,4217,10923,6981,6810,7153,7018,929,4496,4300,3857,1632,1803,7803,7017,8573,11585,5835,2792,7615,6260,7979,6247,8183,1737,9691,4743,10479,3051,7061,4125,8444,9754,9854,2594,9550,6491,5249,9926,4570,5172,5562,6900,5844,8187,0,10598,6688,9478,9629,5635,2487,9027,8722,3794,8883,1719,6233,1852,10136,7966,2892,5248,10082,9478,4743,8479,6340,10386,5437,3807,1194,3167,1156,70,4335,10635,8640,9731,8659,10547,3517,7936,7671,7954,5178,6371
8158,10802,5998,3082,8509,717,2357,7911,7180,6102,7609,10642,2569,9835,8657,1955,3621,3804,3503,3747,10091,7450,7771,6765,9225,8800,5290,9695,7111,3270,5210,9814,8593,7076,4539,4374,2491,8871,2268,8319,192,7556,5184,7924,7608,3882,1126,9489,3565,7284,8935,3898,8238,8938,9729,7981,9351,3555,10598,0,5568,6106,3180,6177,9592,5493,2963,8488,5312,10795,7208,8915,768,4768,9695,7381,836,3415,8493,2141,7316,3159,7753,8518,9559,8378,9691,10529,6429,2656,5547,1205,6292,125,8400,5725,8637,4756,8937,7574
8710,6188,1062,3073,9430,4868,6479,8196,2823,984,2688,6201,6169,7746,7202,6939,3378,2906,3779,2385,6623,6159,6358,3434,5971,5234,6856,9712,8797,8147,1540,4850,9272,1515,6364,3420,3359,5317,3702,2900,5385,4368,6095,6387,9070,7334,5480,6977,6956,1764,8103,7472,7043,8058,8912,8375,8787,2073,6688,5568,0,2984,3256,1053,7015,7940,2716,3378,2227,6154,1647,4844,5551,1310,7352,6705,5535,6791,7400,4189,1771,7317,2226,3395,6084,6140,6260,6621,2736,7174,7704,4379,2316,5589,3452,1392,9337,1302,8061,7699
11410,8715,2054,3038,12077,5583,7859,10931,5728,2227,5387,8817,7720,10730,10153,7941,5628,5223,5978,4587,9518,9067,9286,6418,8915,8157,9198,12538,11229,9269,4422,7244,11965,3296,8579,5965,4892,8239,3839,5025,5917,7349,8550,9328,11574,9081,6557,9958,8691,3166,11010,9183,9966,10969,11833,11095,11676,3143,9478,6106,2984,0,2927,3955,9994,10096,3422,5828,974,8666,3359,7679,6456,2125,10335,9548,6473,8514,10320,5738,3307,8766,4229,5830,8995,9121,9172,9415,5720,8442,9935,4997,856,6184,6023,1598,12028,2146,10972,10444
9569,9352,3231,306,10126,2692,5078,9168,5772,3385,5861,9315,5023,9923,9032,5048,3737,3510,3960,2968,9384,7824,8105,5912,8610,7977,6994,10909,9030,6380,3800,8079,10092,4565,6288,4358,2534,8059,923,6145,2992,6870,6512,8202,9446,6427,3722,9320,6046,4671,9665,6505,8727,9642,10508,9300,10246,1452,9629,3180,3256,2927,0,4206,9391,7677,1069,6617,2190,9325,4688,7786,3576,2040,9632,8086,3601,5869,9055,3216,4748,5983,5427,6637,8827,8299,8991,9559,5322,5605,7588,2112,3191,3261,6656,2822,10149,2038,9643,8724
8160,5164,1917,3992,8915,5461,6745,7624,1784,1768,1661,5161,6373,6826,6388,7335,3398,2941,3791,2599,5587,5426,5592,2536,4961,4209,6606,9039,8445,8461,1223,3875,8721,1446,6210,3201,3782,4291,4533,2143,6005,3421,5792,5598,8665,7402,5913,6024,7042,1795,7350,7553,6278,7299,8135,7814,8053,2886,5635,6177,1053,3955,4206,0,6054,7776,3518,2424,3262,5133,1544,3793,6042,2350,6410,6047,6015,6889,6634,4518,1715,7522,1674,2447,5054,5251,5230,5568,1844,7460,7500,5034,3211,6180,2450,2361,8788,2340,7303,7124
4780,4021,7971,9096,5526,9011,8486,4299,4347,7820,4959,3584,7969,962,1787,9499,6067,6065,6104,6475,1563,2435,2152,3599,1337,2092,5821,4535,6254,9935,5733,4709,5151,7125,6162,5304,7420,2031,9214,6033,9510,2647,5206,1961,6067,7954,8674,130,7821,7432,2766,8120,2204,2689,3098,4483,3359,7958,2487,9592,7015,9994,9391,6054,0,6946,8364,5109,9219,4084,7144,2897,9003,8129,453,3031,8940,7785,2311,7463,7291,8718,6525,5139,1603,1221,1499,2463,4286,9065,6558,8949,9265,9517,4752,8396,5206,8112,2695,4018
3223,10040,8898,7417,3267,5415,3200,3267,7454,8884,8263,9694,2924,6639,5295,4076,4584,5047,4193,5632,8184,4562,4809,6349,7395,7466,1282,4797,1699,3703,6576,9792,3475,9195,1577,4579,5237,7495,6888,9478,5561,6472,2131,4999,2228,1750,4398,6816,1966,9531,4894,1827,4817,4938,5441,3221,4956,6955,9027,5493,7940,10096,7677,7776,6946,0,6787,9061,9125,10072,9305,8072,4731,8060,6785,3919,4667,2094,4860,4464,9472,2715,9346,9102,7835,5905,7876,8974,6599,3290,389,5828,9848,5369,8779,8950,3498,8040,4934,3217
8534,8562,3037,763,9110,2317,4443,8123,4924,3146,5123,8490,4299,8873,7966,4614,2676,2441,2918,1908,8426,6756,7038,4941,7631,7027,6023,9855,8067,5920,2894,7368,9064,4181,5340,3289,1557,7108,1017,5591,2772,5885,5498,7137,8466,5670,3180,8289,5280,4360,8596,5766,7659,8573,9439,8258,9179,643,8722,2963,2716,3422,1069,3518,8364,6787,0,5938,2505,8540,4311,6897,3133,1806,8593,7017,3138,5103,7986,2345,4405,5349,4942,5962,7869,7255,8029,8652,4389,5048,6668,1759,3423,3008,5930,2772,9122,1793,8574,7673
8574,2890,3858,6412,9381,7771,8718,8010,1611,3669,896,2995,8283,6040,6101,9440,5291,4909,5630,4768,4089,5532,5564,2743,3790,3017,7794,9055,9320,10449,3284,1474,9104,2537,7601,4814,6020,3079,6954,960,8325,3023,6938,5488,9410,9088,8086,5132,8770,2726,7207,9254,6178,7140,7856,8216,7924,5310,3794,8488,3378,5828,6617,2424,5109,9061,5938,0,5375,2845,2488,2247,8264,4677,5546,6315,8229,8639,6502,6644,2576,9396,1653,41,3673,4778,3840,3739,2489,9437,8726,7389,4982,8478,365,4385,9171,4671,7145,7536
10455,8258,1523,2233,11115,4744,6948,9981,5045,1712,4818,8317,6788,9919,9283,7088,4655,4254,5004,3618,8848,8172,8401,5622,8198,7461,8224,11606,10256,8407,3553,6834,11008,2933,7605,5008,3935,7544,3052,4674,5120,6573,7578,8452,10602,8136,5675,9175,7746,2907,10110,8242,9077,10071,10939,10143,10767,2178,8883,5312,2227,974,2190,3262,9219,9125,2505,5375,0,8216,3028,7051,5600,1177,9542,8626,5612,7569,9429,4790,3025,7853,3882,5383,8311,8296,8487,8817,4933,7552,8962,4159,1001,5380,5522,994,11071,1198,10074,9498
8639,75,6702,9094,9430,10096,10548,8103,3644,6514,3472,507,10060,5010,5697,11412,7284,7012,7536,7067,2548,5719,5589,4134,2935,2621,8804,8606,9844,12231,5686,1448,9081,5370,8850,6627,8309,2604,9550,3669,10653,3651,7997,5435,9778,10557,10200,4174,10304,5529,6785,10730,5984,6708,7182,8304,7423,7943,1719,10795,6154,8666,9325,5133,4084,10072,8540,2845,8216,0,5312,2037,10439,7464,4519,6522,10392,10208,6209,8765,5382,11073,4450,2840,2535,4487,2600,1711,4367,11241,9694,9800,7816,10763,2705,7228,9141,7456,6714,7717
9663,5362,1529,4558,10428,6512,8086,9120,2820,1347,2216,5483,7752,7994,7719,8579,4850,4381,5251,3940,6399,6844,6980,3861,5923,5133,8146,10474,9988,9771,2730,3885,10222,132,7735,4726,4994,5209,5260,1669,7023,4620,7335,6965,10203,8856,7123,7135,8487,290,8734,9001,7659,8678,9490,9313,9446,3678,6233,7208,1647,3359,4688,1544,7144,9305,4311,2488,3028,5312,0,4519,7198,2648,7540,7509,7182,8327,8012,5807,172,8904,871,2486,5916,6501,6092,6173,3222,8789,9036,6012,2506,7232,2721,2045,10289,2650,8682,8620
6898,2018,5627,7527,7705,8233,8535,6342,2037,5452,2315,1760,8041,3848,4126,9420,5339,5111,5562,5253,1881,3870,3800,2161,1562,846,6796,7116,7952,10206,4004,1938,7383,4529,6818,4648,6457,886,7879,3198,8785,1617,5978,3675,7935,8520,8252,2934,8268,4792,5251,8693,4309,5178,5807,6548,5946,6349,1852,8915,4844,7679,7786,3793,2897,8072,6897,2247,7051,2037,4519,0,8509,6116,3344,4687,8459,8173,4591,6836,4643,9042,3788,2273,1428,2806,1598,1784,2533,9221,7699,7988,6875,8874,1905,6117,7447,6104,5184,5915
7399,10441,6106,3421,7743,885,1639,7161,6874,6189,7372,10255,1807,9200,7992,1488,3170,3430,2985,3497,9584,6800,7122,6348,8711,8333,4527,8942,6343,2813,4983,9534,7829,7066,3778,3889,2261,8401,2655,8180,832,7085,4450,7281,6840,3149,367,8895,2818,7304,8226,3177,7563,8232,9011,7227,8624,3653,10136,768,5551,6456,3576,6042,9003,4731,3133,8264,5600,10439,7198,8509,0,4912,9083,6688,70,2663,7807,1674,7321,2492,7671,8297,9063,7783,9188,10068,6078,2047,4780,1465,6548,647,8145,5892,7873,4897,8231,6834
9285,7498,1243,1916,9953,4119,6103,8808,4081,1372,3997,7508,5884,8798,8124,6379,3529,3109,3894,2477,7855,7002,7236,4531,7162,6452,7111,10429,9130,7663,2414,6151,9840,2525,6518,3840,2980,6535,2657,4131,4577,5494,6439,7291,9463,7182,4923,8079,6792,2642,8937,7299,7909,8900,9768,8971,9591,1267,7966,4768,1310,2125,2040,2350,8129,8060,1806,4677,1177,7464,2648,6116,4912,0,8436,7449,4912,6617,8260,3855,2712,6992,3395,4693,7308,7168,7481,7899,3856,6750,7878,3565,1791,4814,4761,984,9903,21,8902,8323
4463,4454,8325,9334,5187,9134,8487,4006,4731,8178,5369,4016,7972,509,1521,9510,6222,6252,6231,6693,1981,2375,2067,3921,1787,2530,5705,4126,5998,9887,6028,5162,4806,7518,6095,5466,7587,2472,9417,6463,9621,2990,5140,1881,5782,7876,8746,414,7764,7829,2402,8040,1979,2326,2672,4181,2958,8211,2892,9695,7352,10335,9632,6410,453,6785,8593,5546,9542,4519,7540,3344,9083,8436,0,2871,9018,7738,2025,7580,7689,8671,6939,5576,2054,1347,1946,2873,4616,9043,6400,9100,9620,9615,5186,8738,4858,8419,2332,3762
2259,6477,7767,7780,3068,6929,5827,1695,4904,7671,5742,6084,5327,2771,1426,6866,4360,4585,4206,5177,4356,817,948,3716,3649,3927,2847,3007,3334,7100,5171,6595,2790,7438,3309,3740,5688,3931,7638,7020,7345,3309,2380,1123,3259,5052,6328,2901,4977,7789,1595,5210,945,1583,2432,1901,2166,6820,5248,7381,6705,9548,8086,6047,3031,3919,7017,6315,8626,6522,7509,4687,6688,7449,2871,0,6619,4971,1125,5412,7679,5896,7197,6355,4087,2082,4095,5202,4294,6315,3532,7036,8998,7283,5968,8045,2857,7428,1583,1235
7330,10394,6101,3441,7674,915,1587,7091,6832,6182,7337,10207,1744,9134,7925,1477,3120,3386,2929,3464,9527,6733,7055,6298,8653,8279,4458,8872,6276,2796,4950,9494,7760,7050,3709,3835,2233,8346,2681,8152,894,7031,4380,7215,6773,3091,297,8832,2758,7290,8157,3122,7495,8163,8941,7157,8554,3650,10082,836,5535,6473,3601,6015,8940,4667,3138,8229,5612,10392,7182,8459,70,4912,9018,6619,0,2602,7738,1627,7306,2447,7648,8262,9006,7720,9131,10014,6033,2013,4714,1489,6557,716,8107,5893,7804,4897,8161,6764
5054,10191,7625,5640,5261,3409,1108,4937,7055,7650,7766,9909,874,7720,6392,2055,3491,3953,3099,4407,8746,5365,5671,6145,7887,7744,2255,6643,3763,2150,5670,9636,5408,8204,1662,3829,3644,7793,5014,8851,3495,6572,2604,5857,4280,567,2348,7661,177,8510,6314,684,5915,6339,7003,4955,6557,5403,9478,3415,6791,8514,5869,6889,7785,2094,5103,8639,7569,10208,8327,8173,2663,6617,7738,4971,2602,0,6070,2779,8481,933,8552,8678,8302,6605,8385,9416,6170,1366,2206,3879,8397,3290,8418,7573,5443,6598,6336,4721
2475,6154,8450,8749,3239,8026,6946,1989,5265,8336,6060,5733,6449,1791,527,7986,5367,5545,5250,6106,3815,1258,1043,4151,3274,3760,3894,2553,3974,8184,5900,6528,2878,7957,4408,4697,6720,3740,8659,7303,8453,3505,3494,1048,3760,6120,7448,2187,6067,8300,722,6274,357,666,1513,2172,1440,7738,4743,8493,7400,10320,9055,6634,2311,4860,7986,6502,9429,6209,8012,4591,7807,8260,2025,1125,7738,6070,0,6496,8178,6988,7593,6539,3679,1785,3639,4709,4806,7422,4484,8111,9715,8397,6140,8774,2937,8240,670,1742
6530,8767,4922,2953,7016,1554,2293,6192,5215,4967,5748,8581,2030,7744,6612,2820,1500,1762,1363,1920,7954,5389,5705,4676,7086,6678,3818,7976,5835,3964,3389,7881,7024,5677,3091,2238,875,6747,2474,6629,2048,5431,3446,5849,6269,3346,1448,7362,2956,5951,6998,3455,6217,6992,7820,6297,7482,2626,8479,2141,4189,5738,3216,4518,7463,4464,2345,6644,4790,8765,5807,6836,1674,3855,7580,5412,1627,2779,6496,0,5945,3154,6182,6678,7424,6253,7555,8411,4407,2985,4373,1633,5625,2078,6507,4824,7077,3836,6992,5794
