0,10578924,13999375,8231412,12948165,10069223,9465289,13576310,15919530,5558631,3136000,10874040,12698116,6174576,9287780,9129628,8502819,12205170,9679756,3041293,9335601,6954883,3869293,6043103,7353814,7693639,11411122,7042431,6194260,5258326,7263165,10504114,9659732,9868574,4202854,2784879,10037536,7989691,12066366,6192082,14150347,14256092,7597442,7081948,9052189,4646773,1364842,8540970,1704205,11306979,3682287,10152253,6486762,10181760,13552009,12153565,8530618,15806380,8772438,11351229,15263511,16046229,10010251,13761725,5524559,2656761,1344872,9885358,10499456,10084042,5982636,11068871,5175378,3527030,7488068,8575702,7403332,7553746,2867249,4725612,4745641,13411723,8519391,13569876,12474837,4860324,12838047,13958123,7940521,9576270,4787767,4598142,11760218,13580276,12873448,7376222,12592681,8994303,12481004,5604905,11658900,7400019,13041238,3174910,1764198,9382309,11298042,10771548,13734083,11959117,6730818,2993851,7894004,8963713,2198622,6497982,5982244,4304330,11292917,8976890,11510322,3400990,3299746,8487122,8234667,8383682,11535214,2123869,10307867,7537244,5129421,11957199,10777031,5599188,10076862,12363672,4202547,4559619,6161652,13914936,6017165,1800456,14397837,9971394,9707744,3983139,1584426,5614808,12703359,2894785,10109334,9708249,16283250,10229241,5170229,11035947,8330283,14305100,9335975,5501515,4950675,9613820,5421928,7732804,4788163,1772126,11296074,9356919,797624,5451818,2809703,4105878,6463570,6441430,11237444,7371697,9612616,12141398,11323238,1015642,12205758,5102487,6084523,12675791,11595054,13926416,5890846,5253250,11704247,7788960,10822112,4805345,8727331,4208448,5700761,6292227,7025581,12393599,5593450,10542883,4079323,6946848,4662917,8771357,2843078,8701763,5410065,15489850,13065560,4748112,3206125,4659743,11184312,13805833,12278005,10820624,11845359,4702256,9396357,9839466,9649674,2487729,5796580,12875084,10214200,7556938,12335777,3563348,15366640,6439097,14121207,12244982,12777792,13735430,9936093,10112373,13492481,9495180,4486388,8153328,9658638,12829052,9946630,12447788,2576434,6854974,13046370,12125716,10448731,11805979
10578924,0,14200072,4359281,8944724,1186559,2354516,6514684,7032278,5134863,9104967,13971070,2736061,4933908,11283322,3182608,10742035,13681747,7189123,8329071,2842795,5552180,7273217,4538537,3694661,5246139,2949925,7614174,7847945,8761556,7783055,9460839,2243204,6676675,12994162,13035795,11529207,10206138,8614524,11022380,8147796,5339694,11367520,5097584,12540108,8064278,9330384,2850846,11214503,10701619,13917740,2318854,11079980,6398026,13302817,5620517,10260241,7101071,8645547,7249267,5413095,6926682,12118549,8714848,8412208,13232325,11383360,13234817,12548250,7847674,4864767,3952206,6138757,10302096,3934006,9721606,3295466,3030855,8429134,7095831,7422419,14520350,9895865,7053430,2007575,13537894,10079235,14234226,2692654,13496045,15094549,9961493,6462693,6995225,4401002,4300645,8058158,6187123,1977445,13132070,1601609,5589149,8632567,8704241,10180357,11449533,7676736,11935523,5990836,7232038,6764378,11662042,3509266,6248433,9277015,13010242,4982763,13942630,6163178,7250732,14404323,11371919,7324908,8471635,4630569,2876919,1179801,12648136,618881,3322900,8240458,6347618,5955313,6990133,2802369,4267631,8248633,7222908,5135184,4302609,7606819,12117694,7851151,3907695,8980107,8751338,11854842,5101459,7154585,12552666,13240981,7727326,6769049,11226788,5544212,966336,7391964,5092487,2155151,6279872,7594779,1130368,5498597,12882321,7729876,10006573,8562463,1358208,10836972,5151358,11379450,8159021,5198717,12260946,9371679,6706532,5685335,13396338,2164007,9711997,10661482,13242061,13971324,11183293,5224661,3608262,11202106,11127701,11036992,9571276,13024500,14049785,6320561,7696280,12708689,5062445,6968757,12231386,14243886,1799159,11258824,9433513,8596140,4898368,11481530,13766389,14488747,7315179,14527395,11043432,8442885,8549713,1618811,8960434,3168719,12868788,10380709,6372012,9933920,2053481,2108668,10437200,13549622,12827360,1433664,4215520,13972486,12487252,6637444,5278191,5887678,8475998,10229924,6071360,7876832,3861354,6356094,13883775,11642376,6061899,4824517,2956599,3153578,3716998,10754876,3935883,13553344,2565071,157141,5832819
13999375,14200072,0,16446678,6087749,14968848,15606301,9676254,12452887,12297091,10996906,4090706,13479310,11421860,4711651,11107254,5503671,2060476,7052200,15093690,11411760,16410739,14802772,12989032,11775817,9606371,11798557,8004009,17647463,17528893,7725093,4808804,15655635,19330387,11564519,13770136,3967591,6055553,5920953,7923837,8266514,12130496,6506585,16093663,5322481,16498997,13100927,11767592,15700987,3549021,13981249,11897346,7625648,7807377,934214,9414867,5553896,12131251,6160661,7155640,13945774,12877332,4039414,7115753,17508318,15025937,15313491,4745034,3605340,6370274,14284868,10560419,15067299,10506338,15253409,5693136,14001205,13156497,14997981,15674057,10238582,1214934,5671822,8997765,14414754,11391162,4603484,100583,13841580,5350210,14611023,9401709,8215753,9081457,11499582,15557049,6898497,8144616,14532472,9961071,13530388,16837020,6546917,11131741,12238445,4619364,6668995,3235042,10523551,7458017,17258811,11668127,15233478,18483975,11960867,8751769,14524437,12836845,8317968,19203886,3687386,11033100,12733633,6446366,16691366,11859761,15240056,15324664,14601306,14400317,17059393,8460571,8361531,16459896,11411721,11128985,16239337,15625370,15061823,13130776,17327789,13716396,8949537,10301988,5459619,16438922,13598631,13931685,8059086,12728997,4465291,19965384,13669797,3848442,13916652,13585437,18884743,12578557,15293820,10483290,16384023,14375927,11714844,7146542,16348305,15314297,5703396,14292853,13378655,12716249,11662874,16069268,10674542,8228582,4835393,17717081,8523671,1972322,16344226,14192223,3604119,10708808,10323188,3156550,9487637,14511693,8302066,8956144,3178598,6396291,3427574,12228291,8102549,10626414,9439921,11058092,17650785,2003161,11374216,12490696,10255782,7183634,9612103,9454325,11697318,6721954,12034404,11257065,1698982,9458558,15410031,16884634,13021436,6849486,12329670,3351559,3839547,11466669,4993783,15613640,15521569,11567015,10180923,1394056,12771343,15662949,2119132,11782861,12057181,15597973,11167154,6178455,4378269,10422213,6361957,17317538,9780277,5816204,10029984,17800271,17829354,13358416,11051841,11858093,11576267,12172216,953511,12891566,14230297,8943945
8231412,4359281,16446678,0,12187085,3226651,2069682,10502411,11381341,4474810,8115278,15138905,7092935,5132926,12577446,5896025,11856121,15432056,9567121,5325639,5740123,1480751,4369887,3642514,4688308,6849162,6995233,8672492,3672372,4769753,8929701,11676218,2237516,2893824,11728897,10992020,13052766,11233622,11624965,11128049,11955140,9666401,11966091,1181225,13411879,4360239,7329869,5015935,8258441,12919601,11898990,5870886,11293929,9161469,15641853,9352430,11497631,11436603,10331839,10310412,9735446,11285084,13476756,12278017,4370753,10772610,8593822,14236525,13977616,10260651,2633256,7633723,3056034,9425925,1211431,11097886,2451419,3333708,5480719,3678797,7197381,16468038,11210521,10927021,6227621,12369201,13007772,16456828,2731429,14301960,13018991,9592215,9860571,10884226,8606400,1013631,11387887,8430884,6157752,12433669,5958113,1307466,11980584,7699785,8565622,12738647,10618974,13633120,10121640,10527609,2536568,10297982,1241158,2135058,7814299,12722974,2494484,12315073,9447408,3055023,15685353,10249488,5648202,10068388,287867,4864515,4624720,10010162,3767308,2055517,4332136,9845049,9072554,3138648,6217490,8358960,4687509,3845566,2129628,8661707,3494700,10004575,11790177,7058910,10987507,5174139,9763376,3094138,10731174,10839128,14327475,3692053,11116692,12901919,3411371,5289813,3069915,9443136,2210260,6379646,3873051,3295221,5101972,13134725,4044880,7060868,11297490,3148378,8760871,4139377,10010735,4664141,5839009,12163730,11891499,2364930,8324400,15203914,3696762,7224981,13219977,12290278,13193232,13776602,8838541,7829414,11143508,10822977,13317039,10649075,14444559,12638798,8408172,7163336,12181234,5477836,2666147,14449555,13136771,5699108,10441368,10175249,8376879,7207580,10101534,14146011,13185327,11587827,16348307,10547996,5294261,4759347,5864032,12480742,7439803,14331710,12878905,5751612,11597519,2466372,2335625,9106525,12794461,15057327,5193782,851949,15687630,11114385,10968387,1792462,10121897,11584025,13100046,10187643,10221285,1893108,10352670,14542786,10903380,1729250,1582532,7315363,6426237,7936619,9416489,4277958,15644558,6891899,4206293,9390539
12948165,8944724,6087749,12187085,0,9931977,10823930,3588749,6436620,8994172,9886793,8002484,7647552,7991063,6086282,6303134,6262058,6586580,3291051,12757458,6501914,12620052,12085098,9385814,7706115,5875595,6167363,5923373,14417200,14707945,5727561,3189443,10816199,15025590,12386737,13944179,5679490,6265211,901875,8554199,2321811,6048546,7673399,12209437,7702076,13687848,11683834,7171151,14461259,3594726,14508986,6668521,8356094,3139240,5163593,3521173,5806202,6124278,4485420,1897161,7860510,6847208,6381004,1228898,14550125,14903046,14262328,7852021,6481435,2876152,10677665,5009137,11824522,10157168,11123778,5334425,9826262,8914657,12728218,12680616,8236302,6877298,5520580,2912566,8696313,12548476,1489969,6156839,9457151,8442151,15487044,9063684,2484966,2995759,5528804,11498726,904653,4200793,8822275,11341935,7931062,12943556,462775,9780090,11437103,6178304,1721519,5505655,4438327,1714722,13708053,11769669,10953375,14321961,10761660,10429857,10925223,13741845,2800499,15204648,8085460,11148461,10431403,4700149,12466139,7324574,9815128,14841837,9459173,10191038,14162910,2635880,3118891,13223248,6210737,5235397,13574763,12695746,11423264,7101416,14095416,13468851,2986281,5192574,3695484,13928849,13259724,10471346,2020455,12981451,7673766,15877727,7618058,5171287,10641347,8154439,15062673,6502684,10521132,7774553,13411981,9433093,8601092,9230971,13440946,13650421,1747436,9428615,12613763,9402178,11618953,13412919,7298527,9599595,2331074,14003747,3960913,6255165,11094468,12691525,2730734,11921330,12049260,2998343,3765626,8551984,8973172,9433887,3621095,5980861,6810787,13381277,4393977,8768177,10736767,7659855,14063835,4547248,12902209,7146178,10504195,6679668,8384017,5113023,11697353,9522312,13470864,5276647,7116588,9770817,13043563,14165391,7513326,1074932,6511641,6614344,2726550,8819539,4700861,10712837,10670876,11054784,11723741,4975529,7543283,11549140,6879788,12278865,6005508,11900849,5079547,709138,1724012,4336084,3032567,12553585,3695144,9012769,10552923,13799026,13296363,7494516,5909603,5980454,11228310,8284650,5818560,7139582,9015812,3159235
10069223,1186559,14968848,3226651,9931977,0,1179453,7663111,8203865,4866073,8930576,14455831,3882315,4902392,11775153,3861700,11177600,14318457,7918120,7605350,3565285,4505563,6546837,4139643,3790647,5676277,4087498,7971530,6802384,7779817,8170492,10180850,1057495,5493036,12810290,12639716,12086089,10609875,9539065,11185485,9264854,6521946,11670649,4065285,12931868,7155166,8890264,3277813,10548308,11436413,13537101,3265045,11273640,7222652,14089887,6704494,10722704,8279516,9205965,8172113,6508811,8085729,12637155,9779217,7412783,12723603,10764741,13668632,13090263,8598795,4155033,4999767,5326732,10184374,2974439,10214080,2666150,2739917,7721693,6239491,7407436,15214163,10374054,8180228,3008285,13386320,10995098,14997063,2166692,13879687,14707934,9975563,7467438,8125087,5581233,3303664,9060670,6852302,2945164,13104146,2775854,4492457,9644101,8515480,9860542,11942005,8572535,12543433,7163537,8217956,5694484,11434272,2525456,5065271,8979125,13092764,4225702,13669714,7132866,6069099,14922575,11205465,6911359,9003432,3488540,3234733,1532080,12084559,567832,2563625,7278181,7377676,6874207,6025550,3722581,5427341,7379843,6379478,4279301,5454851,6579544,11692400,8994347,4783713,9636052,7885709,11432203,4469524,8212265,12241474,13697615,6540770,7893207,11821259,4918756,2152415,6226963,6264618,1022558,6307799,6673644,638595,5334869,13110005,6820454,9327821,9412797,831872,10404270,4784984,11146272,7305945,5323775,12386130,10173249,5589319,6455975,14045971,1529667,9150580,11486045,13146393,13930637,12021176,6272922,4618217,11323023,11180170,11791521,9978275,13568418,13837194,6942708,7605398,12722322,5107996,5872298,12979726,14116179,2857883,11173534,9744312,8619834,5537922,11246814,14037687,14309678,8501714,15188362,11042470,7684275,7623669,2794033,10015988,4354139,13422750,11186876,6199573,10508979,868603,925870,10198741,13510835,13583164,2405761,3192710,14602071,12268049,7817669,4335727,7072614,9424835,11131937,7241942,8609122,2705416,7505706,14231489,11584242,4904721,3642069,4109277,4039134,4897648,10519917,3840267,14278141,3750245,1050123,6873255
9465289,2354516,15606301,2069682,10823930,1179453,0,8748510,9382024,4646113,8679777,14804559,5061566,4923281,12150243,4585088,11502293,14822391,8570212,6815690,4339699,3422762,5772616,3828129,4016244,6101164,5178662,8265146,5701696,6731880,8489386,10797977,200053,4369495,12504250,12125397,12523663,10909081,10367867,11239767,10305658,7694197,11858894,3005781,13197437,6182193,8371437,3842075,9784786,12058159,13031714,4220541,11357287,7976427,14750264,7719002,11078783,9454890,9676574,9010279,7675499,9265180,13032072,10756320,6350625,12098288,10046190,13971012,13505483,9263314,3483052,5994901,4487825,9971479,2055190,10605470,2251686,2714522,6947092,5332783,7348514,15772525,10749517,9236412,4160664,13107750,11805819,15628184,1997614,14130268,14189735,9896929,8394180,9185247,6720201,2312245,9973767,7462346,4088984,12950364,3952106,3359338,10563574,8257640,9449523,12316295,9379973,13028935,8285818,9119476,4578010,11097127,1609285,3895638,8602992,13048802,3492790,13269285,8027737,4896605,15302578,10931752,6458971,9448882,2321971,3746647,2565180,11410024,1741057,1988714,6251958,8330997,7722781,5008842,4640855,6535167,6444960,5484108,3424422,6634176,5496681,11156793,10069389,5632639,10195169,6948874,10901494,3871279,9189254,11814084,14022742,5389914,9067164,12298647,4305463,3314064,5047597,7442480,312756,6324463,5693702,1430856,5199066,13210392,5850727,8562796,10167191,1396627,9873657,4465685,10806724,6387774,5475914,12390676,10872198,4434078,7172148,14564585,1871556,8505357,12199087,12925062,13757915,12744846,7254144,5759991,11333900,11124607,12430868,10288274,13982392,13495079,7510528,7465546,12613003,5193626,4732202,13605501,13855996,3907298,10980997,9962700,8572849,6157875,10904677,14174709,13997478,9662265,15712906,10935336,6857696,6629780,3935694,10982200,5508110,13847813,11882987,6018564,10978845,419439,266023,9864925,13343087,14213439,3421288,2171243,15097232,11931573,8991793,3374970,8221835,10279495,11927388,8360535,9255139,1738005,8593128,14443699,11414337,3727293,2535916,5288718,4918881,6038859,10185642,3875036,14872892,4918611,2209790,7841257
13576310,6514684,9676254,10502411,3588749,7663111,8748510,0,3051572,8559368,10852205,11234991,4503298,7649790,8947475,4962145,8869582,10047859,4719877,12561789,4962841,11311543,11681792,8624363,6829890,5882756,3576030,7218595,13420803,13998698,7147806,6082611,8681965,13116948,14090818,15184863,8737046,8656458,3906471,10640335,1763978,2469570,10133801,10856798,10571425,13064327,12218824,5849559,14841960,6902265,15894430,4636543,10519253,3761653,8750724,1425600,8343830,2782139,6624741,3175754,4273561,3411108,9455771,2712133,13750559,15909421,14775232,10906307,9667407,4863304,9727833,2925596,11044053,11515129,9657131,7769416,8470989,7629345,12582192,12009085,8937917,10436800,7981686,708657,5660940,14398568,5074379,9744783,7945165,11426626,16987456,10596041,2143801,624693,2279925,10059124,2815822,4820791,5791035,13403465,5134841,11520892,3131491,10615240,12375407,9075368,3611282,8742283,857776,2547855,12510795,13170304,9363665,12574533,11547394,12710460,9951893,15374962,2489914,13544204,11412746,12625148,10536130,6698520,10790152,6037273,7096499,15648114,7114443,8755476,13438145,1852584,2951834,12314591,4338078,2254791,13068521,12071441,10359578,3620693,13120784,14517895,1340516,3822700,6206060,13504639,14275841,9673288,1695706,14343988,10774827,14109663,4115742,8255683,9974555,5579102,13555662,2934731,8483689,8074810,12691068,7323261,8398578,11802656,12766358,13827952,4497933,7408188,13445754,8886842,12958962,12926630,7175224,11849963,5421928,12652909,4056476,9716668,8496425,13064384,6231233,13852370,14197907,6564480,1997878,5157592,11010315,11313151,7032103,8179013,10058175,15162368,5124155,9457046,12823144,7424879,12811461,8068984,14894781,4843392,12126611,8635299,9545303,4806275,13052192,12308769,15378969,2106192,10647423,11522598,12799084,13571140,4905402,2998620,3497782,9863492,6141892,8940642,7399349,8522707,8537540,12204738,13820829,8535024,5338426,10054315,10348408,13831273,2540982,10737918,1490924,3598316,5303698,751940,5016747,10367019,160485,11970250,12304400,12221962,11281657,4304945,4217729,2908173,12448417,7462522,9375797,4177697,6629312,1806693
15919530,7032278,12452887,11381341,6436620,8203865,9382024,3051572,0,10553235,13429449,14268031,4340235,9775864,11998735,6835045,11908066,13005878,7703279,14475205,6687972,12475102,13501363,10403069,8717164,8362588,4690604,10047382,14731363,15505157,10012152,9129276,9257397,13614087,16877683,17778271,11783589,11673409,6894571,13580658,4186501,1758171,13147967,12011674,13621490,14670639,14555578,7567613,17021347,9903921,18537700,6013290,13477717,6690027,11548820,4153609,11379225,328670,9637653,6224775,2285160,442078,12502587,5337609,15199457,18386029,17028186,13956050,12703885,7899264,11284476,4852488,12638223,14225563,10801612,10799554,9818286,9124092,14525682,13629569,11482218,13305531,11012551,3593859,5407879,17229759,7915114,12529359,9215698,14478183,19663707,13386632,5156793,3519473,3078597,11195441,5777762,7631521,5517508,16306961,5431015,12572636,5975613,13145955,14896673,12126915,6662656,11768188,2426439,5598096,13700976,15862582,10422841,13262911,14025043,15673175,11474618,18120831,5436185,14269033,14426105,15355382,12716109,9691348,11656817,7749600,7119482,18032995,7641199,10007168,14955500,4855381,5832768,13745009,5944582,3561115,14756849,13722245,11784540,2784702,14461834,17039478,3503873,5955627,9253730,15231725,16787453,11343903,4723019,17001223,13821834,14703788,1273600,11298983,11715388,6091529,14424224,1939809,9186505,10494095,14243647,8091213,10540089,14822938,14349079,15920855,7535366,8260399,15891335,10805251,15632139,14634562,9461584,14813241,8445161,13704921,6812620,12673982,8513728,15289883,9155926,16714372,17117506,9431014,4586691,4127904,13934483,14192640,10003504,11174418,13086140,17962643,7935263,11971696,15738845,9630004,13940273,10982662,17764918,5879278,14915747,11579202,12240852,7293655,15729260,15351399,18218702,1214812,13553098,14362462,14672071,15177532,5542263,5603839,4004114,12890636,9105466,11217312,10448978,9051936,9129435,14819448,16729989,11406928,6360341,11142202,13302633,16568630,567391,12058741,1864339,6575383,8153312,2478450,8048897,10731063,3022225,15021623,15131707,13092871,11771600,4107168,6008702,3622479,15085498,9312352,12249676,4493081,7181927,4670772
5558631,5134863,12297091,4474810,8994172,4866073,4646113,8559368,10553235,0,4069003,10685785,7139857,1003109,8172011,3724217,7425508,11103179,5878409,4002504,3870051,4132420,3156428,852667,1841135,3120503,5926780,4327916,5499013,5713879,4600442,7683386,4805638,7214538,7944222,7907967,8697850,6797203,8248192,6697255,9522024,8836806,7491567,3857461,8940832,4697794,4248845,3020340,6483117,8863655,8785301,4632360,6846754,5865905,11558753,7156296,7099724,10476995,6139212,7129736,9728181,10635009,9071782,9457915,5562496,8180537,6534467,9771114,9581865,6516392,2004852,5781649,2871768,5340780,3285072,6749146,2401792,2141197,4026401,3687051,2757753,12190507,6840064,8719174,6950884,8523001,9449425,12295512,2724639,9827358,9962413,5264857,7123109,8708541,7475407,3477033,8368820,4818073,6966213,8305957,6106490,4581557,8923394,3651630,5046411,8329489,7282171,9320759,8543647,7571528,4974983,6572366,3464124,6306775,4146216,8421300,2236260,8827145,6644456,6939487,11244229,6341587,2258907,5850848,4661718,2851705,6193670,7673509,4970547,2726099,5169191,7235474,6152050,4291097,4617071,7003117,4612866,3702345,2772252,8388609,5173874,7004555,9602307,4751782,6917723,5006630,6741236,1634683,8097341,7422121,9869613,7718542,10804309,8599646,1678029,5498764,6590158,8837928,4413344,1918293,4419838,4307760,628527,8697431,4446788,5367624,7705351,4063031,5734790,426489,6285416,4457261,1725764,7793926,8085355,5420006,5081260,10897776,6315792,4799199,9361735,8302180,9117600,9915283,6575354,8371881,6749243,6497896,9279066,6233665,10040583,8973858,4676811,2822776,7968038,1344580,5363401,10337183,9257606,4989453,6343838,5713539,3970207,3973139,6386472,9696570,9443605,10277329,12028446,6292093,4242256,5182573,5625719,9587009,6764493,9939054,8997426,1372842,7332879,4917955,4740209,5338224,8701353,10933239,4655893,3624992,11344051,7404998,10019009,3311597,8835139,8306695,9486002,8565139,6430742,5936079,8447604,10070561,6771650,5562842,6033529,7273254,4549123,6986921,5658843,1297528,11440541,6575345,5020229,6939623
3136000,9104967,10996906,8115278,9886793,8930576,8679777,10852205,13429449,4069003,0,8207464,10740249,4193785,6304847,6914361,5499362,9302312,6659644,4390074,7192408,7249007,4515198,4854181,5465435,5067166,9204016,3963497,7483131,6975312,4165805,7368591,8848180,10462677,3891186,4350213,7031643,4944020,8995161,3531035,11239260,11863982,4811675,7172281,6343944,6041285,2104308,6561326,4784871,8183017,5118381,8077088,3791496,7272021,10496242,9455468,5465552,13277456,5639730,8376543,13098294,13610851,7091647,10760929,7078606,5086647,4480318,7210822,7600872,7011500,5491940,8620769,5407795,1311997,7053324,5464566,6429131,6193879,4254860,5538640,1948623,10502372,5421695,10759762,10773954,4455807,9713783,10962550,6793053,7028157,6265379,1784829,8905431,10779840,10485433,7114109,9591517,6100964,10809383,4321814,9843247,7743818,10009179,422835,1558197,6416275,8276671,7762339,11121546,9014904,7556112,2576993,7341438,9510506,969870,4673877,5620953,4886853,8457322,9848764,8835481,2275797,2531075,5357152,8226306,6446613,10212053,4956316,9004413,6708412,6618641,9130436,7950921,6480798,7882492,9944914,5678065,5423241,6032533,11742974,7207856,3673212,11547309,7517756,6574105,5736073,3438805,5032358,9812541,3606253,7399415,10643210,13954303,7177593,4706731,9317092,9311080,11988005,8463224,3020268,6105487,8358690,3614381,5416453,6005946,4318694,8204563,8119157,2727241,4214093,2305273,5519996,4151906,4248426,8109059,8166737,6804377,9203901,10384064,3195437,9070507,4245515,5100461,9543648,8928527,12046128,3369039,2874987,8584273,4685647,7968783,4945994,5813587,1491309,4075227,4142889,7932315,9316259,5188687,8586951,2329568,3851691,1529964,6138184,2407689,6452805,5388780,12860376,10195725,2500966,4695837,6304292,9295877,10784587,10108838,7940435,8709622,2740349,6279180,8972561,8791411,1405861,4693300,9819082,8371255,7290362,9463349,3389276,12864566,6499416,11580807,9190853,9648560,11107723,6858031,9809952,10786794,7081620,2788252,8682778,9691087,10827946,7670865,10164470,1700041,5170486,10049083,10098170,9004825,9049300
10874040,13971070,4090706,15138905,8002484,14455831,14804559,11234991,14268031,10685785,8207464,0,14047763,10028033,2687913,10801949,3304785,2062013,7116556,12577821,11152017,14746664,12540435,11499639,10788316,8780206,12220301,6542138,15517208,15145488,6315256,5172267,14902834,17895595,7809532,10129841,2562336,3913210,7393794,4715827,10313388,13464594,3404057,14520871,1863959,14170954,10237579,11193370,12560365,4409463,10210500,11868567,4434599,8154607,4261036,10468499,3734072,13977395,5353694,8131705,15240973,14643502,1883933,9225039,15211184,11439396,12105103,997831,1571186,6639866,12660646,11035343,13122074,7370057,13931617,4250843,12826623,12123239,12450568,13517759,8115082,3026724,4083309,10678028,14740955,7535940,6690601,4004982,12849362,1381384,10720220,6436669,9270659,10750466,12479195,14156015,8514187,7884679,14838797,6117116,13755172,15220230,8431626,8461032,9135839,2521574,7655124,2506388,11983749,8697806,15368463,8190163,14032163,16976688,9097493,4899330,12872234,8994178,9153426,17534295,636298,7606531,10418399,5504009,15339697,11222814,15124612,11866292,14222325,13214633,14749688,9569319,8960183,14406989,11416875,11991939,13838399,13431890,13390554,14158484,15217435,10244462,10957101,10388395,5262857,13932855,10172416,12238734,9546798,9114539,825986,18328621,15342612,3001859,12098104,13601227,17098586,13841290,14506652,8768183,14164366,13820295,10057992,3320359,14090108,12409657,6737059,13671220,10160474,11058266,8250029,13674639,9373119,4564029,5824194,15914659,8573043,2265016,15958420,11281000,5354400,6872879,6359343,5322270,10308493,15273378,4985221,5621403,4410235,4521002,1191839,8338248,7698513,8340253,5666734,9702510,15762494,3843348,7418551,12513768,6851101,4973648,7134586,9101699,8261710,2687125,8078786,13181419,2549391,6129187,12888559,14476365,13176247,9029230,12962154,1388419,5284477,9539558,4125278,14921406,14788978,8387125,6273092,3818516,12644883,14296605,1972347,8133994,13774674,13925428,12641958,7718364,6461280,11901774,6532517,16387060,11288640,1750646,6522934,16205886,16663669,13991186,11051354,12628551,8314336,10992996,3327606,13377358,13955807,9923722
12698116,2736061,13479310,7092935,7647552,3882315,5061566,4503298,4340235,7139857,10740249,14047763,0,6618979,11429600,3872771,11051994,13360687,6934789,10763169,3563820,8273921,9729388,6751337,5370913,6025122,1836106,8294420,10563312,11435367,8380938,9064379,4928740,9276034,14534740,14938575,11496263,10617968,7583634,11941533,6261936,2733604,11966070,7815606,12889542,10685037,11376831,4204841,13538108,10198557,15781802,2670128,11931912,5922282,12548455,4129073,10525542,4441251,8750901,6327068,2717464,4204759,12164529,7084885,11099522,15308482,13641724,13460085,12518392,7465885,7369932,3020716,8699623,11794985,6630614,9938569,5816717,5296358,10843186,9680783,8865128,14015249,10139823,5163965,1178583,15008276,9003932,13530797,5194922,13836480,16952520,11222003,5276670,5088892,2225733,7009421,6748263,6234673,1306663,14376299,1162988,8323993,7249324,10379766,12020243,11587595,6819825,11749294,3781197,6055262,9491643,13310361,6220928,8927758,11108846,14035672,7524303,15623499,5166389,9934719,14383608,12919842,9398641,8664028,7361799,4343127,2812820,14812980,3327921,5928852,10902415,5055398,5193612,9660992,2943092,2414641,10832206,9794749,7750309,1572694,10313449,14082253,5809320,3745012,8800502,11327364,13819925,7525525,5651843,14324124,13409177,10363576,4036692,11104596,7943834,1860573,10109154,2412998,4884287,7731799,10229113,3842689,7326287,13600846,10353593,12361962,7802405,4041929,12837283,7279666,13044066,10728870,6592551,13218633,8725256,9442593,5486184,13046936,4232284,11920010,9876840,14614129,15221796,10333720,3991882,1330419,12202947,12270112,10459393,10007359,12974573,15621806,6471681,9255063,13881492,6608997,9702765,11628744,15656003,2168984,12662213,10100962,9900527,5222236,13146257,14362765,15992016,4777326,14116308,12293634,10913563,11181223,1519805,7361518,1150106,12797062,9668403,8145669,9923822,4719042,4804586,12136157,14805489,12183167,2490571,6934702,13663512,14101699,3993392,7949326,3480177,7360234,9198165,3881592,7550872,6396424,4345877,14299617,12983627,8786068,7431762,235753,3242978,1670399,12438950,5843142,12981880,692810,2890990,4550519
6174576,4933908,11421860,5132926,7991063,4902392,4923281,7649790,9775864,1003109,4193785,10028033,6618979,0,7445681,2956740,6733185,10312148,4887951,4936168,3163997,4992383,4138017,1567348,1273316,2117948,5238659,3540358,6483435,6716955,3800175,6750084,5055692,7963577,8071677,8319623,7923764,6115670,7246993,6323265,8552589,8090476,6957211,4672816,8343209,5699757,4820878,2414306,7255492,7951123,9166175,4001994,6434984,4863629,10660753,6234834,6365453,9680125,5263906,6127799,9108948,9885141,8344565,8463484,6564040,8729140,7252442,9147227,8844718,5534587,2876340,4948525,3860877,5368626,3921507,5968282,2807632,2219259,4944974,4689994,2510325,11370121,6078079,7776957,6584652,8606304,8459420,11424471,2925785,9258651,10339027,5075748,6144558,7769903,6712071,4180600,7369033,3817899,6617660,8222472,5669267,5415198,7921816,3806789,5402687,7607401,6279326,8517115,7683914,6576330,5910634,6767477,4004130,7085802,4490682,8191998,3121196,9069492,5664484,7782109,10563652,6446969,2941049,4985667,5350838,2279692,6068268,8297867,4891223,3189860,6172198,6267046,5166987,5277030,3902821,6214755,5607135,4705202,3656348,7755116,6158601,7469623,8654805,3880298,6001628,5990884,7208086,2566870,7120196,7727099,9223997,8546434,10108706,7788628,2667558,5125851,7475386,8130797,4652299,1411365,5422418,4290006,764767,8287369,5449891,6193314,6713653,4071137,6240072,1416054,6490620,5449659,755366,7497820,7118147,6321456,4083432,10092143,6416007,5514054,8407001,8310019,9056329,8962636,5655423,7901077,6436095,6277812,8362864,5521764,9312022,9137003,3683657,2762669,7825200,365810,6293314,9445670,9309994,4450377,6327164,5094642,3717621,2987701,6593146,9252933,9562361,9430990,11232332,6147690,5190903,6182709,5138911,8589231,6113755,9198790,8045665,1526774,6497306,5126640,4965557,5560711,8635104,10046847,4194978,4305925,10563336,7583060,9230590,4186551,8014071,7303794,8500620,7698636,5454285,6393623,7544340,9546306,6718020,6381345,6637419,6727605,3777686,6273358,5872370,1066231,10584739,6007731,4842663,5990727
9287780,11283322,4711651,12577446,6086282,11775153,12150243,8947475,11998735,8172011,6304847,2687913,11429600,7445681,0,8116083,812556,3037757,4538890,10506569,8466848,12285523,10320313,8958441,8136849,6098935,9595470,3915572,13250020,13009000,3672426,2934344,12243214,15380748,7143379,9206099,765508,1425295,5320783,3291436,8286672,11038644,1945712,12028730,1634548,11997879,8408269,8508474,10989355,2747222,9519793,9193478,3002409,5600192,4312794,8028622,1080712,11727166,2687858,5775796,12775012,12347131,900182,7301823,13027165,10416392,10603720,2034767,1411931,4150973,10170804,8435356,10755352,5803045,11366291,1563392,10221351,9487842,10398906,11250525,5768470,4218593,1402653,8462462,12084838,7100304,5060857,4671363,10212030,2487449,10284296,4690507,6878244,8526982,9968871,11612189,6399275,5224098,12180051,5723868,11093104,12746458,6456711,6465125,7527361,166854,5339306,1491916,9635105,6406105,12994766,7045921,11440132,14478512,7263047,4623613,10393329,8482171,6694224,15090351,3153156,6399085,8207946,2820669,12790233,8540832,12437893,10659697,11535915,10614212,12569927,7181912,6439982,12096897,8746975,9460692,11704775,11182617,10922202,11634537,12939054,9067320,8878255,7735681,2762021,11863375,8934582,9767980,7305560,8163845,1983322,15877214,12998553,1121529,9671491,10922670,14693988,11386628,11849504,6261251,11933418,11140700,7551004,3216092,11878756,10622889,4538801,10995631,8672989,8563783,7013786,11536343,6761694,3899648,3757812,13509902,5943448,2908133,13274130,9496282,3858767,6419581,6289224,4101915,7804920,12679291,3699946,4334528,2995505,1938747,1869145,7960573,5025484,6085668,5138329,7107120,13390281,3248983,7263921,9839644,5627958,2585065,4980547,6420021,7056504,3438290,7895979,10984439,3957261,4819184,10822834,12350683,10510225,7160121,10366000,1770212,3624267,7126101,1562342,12255565,12126795,6863404,6037541,3645594,9961404,11744694,3237291,7260725,11477456,11461521,10281142,5641555,4874397,9562551,4021003,13756524,8979676,3023028,5461020,13730546,14077508,11384532,8383334,10065117,6885609,8374321,3758890,10751583,11267895,7479348
9129628,3182608,11107254,5896025,6303134,3861700,4585088,4962145,6835045,3724217,6914361,10801949,3872771,2956740,8116083,0,7602540,10508398,4057873,7691913,355321,6470475,6764227,3676273,1906241,2212906,2303363,4574465,8492094,9037101,4708636,6324790,4605328,8722466,10670155,11185204,8347457,7090145,5794788,8150521,6181110,5135895,8326821,6032242,9419660,8104123,7772737,914108,10186663,7577809,12003542,1219087,8166639,3392519,10228817,3631053,7108410,6753461,5465364,4448766,6198223,6932331,8942375,6398641,8793544,11664087,10202599,10087768,9367638,4737105,4770453,2080951,6081908,7931047,4882949,6558223,3615767,2725482,7729792,7048570,5009353,11371249,6737989,5238313,4157529,11136991,7223748,11135791,3178927,10377177,13165172,7352256,3972845,5211698,3761804,5273158,5492476,3014151,4229281,10514225,3153314,6740130,6085358,6572080,8263897,8281739,4800217,8755185,4850718,4632001,7634533,9469935,4672462,8030291,7361750,10219691,4998378,11781940,3551896,8934250,11226438,9060272,5888308,5298292,6178145,1094352,4323536,11252095,3510997,3950014,8476508,3979437,3184263,7364780,969414,3279598,8118948,7113817,5425046,4840867,8185958,10372585,6128223,1193912,5808966,8564749,10113545,4712532,4873340,10516481,10083366,9587841,7154825,8044764,5024966,2842931,8840241,5175958,4274819,3894169,7728952,3276924,3716699,9905894,7804633,9089378,5585138,3216618,9168106,4000470,9209385,7980621,2768616,9420770,6317508,7843868,2600927,10226860,5265435,8462786,7636369,10741878,11360339,8176670,3067549,5200089,8386421,8419071,7930318,6457758,9843455,11759335,3138300,5423249,10029628,2855432,7959020,9119528,11783263,1831387,8789828,6408602,6027757,1715971,9311039,10737591,12121952,6566550,11362728,8426859,7909325,8611554,2559562,6592720,3200038,9686863,7331090,4445793,6751498,4537517,4464727,8318334,10942643,9722252,1853803,5302653,10797373,10250275,6296982,5834112,5113665,5723844,7342743,4880613,4749001,6322791,4834920,10788599,9111528,7544080,7005709,3936888,826355,3319370,8613906,2528068,10423419,3205680,3183042,3560157
8502819,10742035,5503671,11856121,6262058,11177600,11502293,8869582,11908066,7425508,5499362,3304785,11051994,6733185,812556,7602540,0,3848506,4283040,9694498,7956676,11524558,9515590,8224779,7486399,5512831,9216397,3237904,12451869,12199936,3015560,3074244,11602570,14639697,6541336,8524881,1536333,631736,5437943,2622769,8365854,10847336,1433589,11277608,1838011,11190560,7603491,7932002,10202008,3204768,8882963,8720621,2350970,5348800,5062291,7851032,537460,11649783,2337616,5700036,12543655,12237598,1675612,7447837,12221051,9709022,9824836,2494561,2196968,4008805,9417442,8096496,9970516,5039412,10646440,1132813,9526082,8818471,9586524,10451166,4972663,5031138,922198,8434924,11646449,6554389,5392599,5466573,9544626,2789929,9696069,3911689,6753510,8493875,9714344,10881695,6464493,4817332,11736426,5224849,10645719,11989678,6594790,5654352,6746198,943852,5304041,2270039,9509867,6362374,12212953,6342958,10736105,13730871,6460140,4206691,9636461,7895766,6517970,14326058,3830512,5692082,7400762,2389336,12063016,7951495,11907802,9920799,10964226,9915578,11763315,7056334,6210942,11303681,8290008,9189916,10895111,10381245,10162413,11358442,12142091,8341172,8922659,7321540,2684943,11051539,8199187,9007886,7278551,7486622,2522818,15115344,12854787,1764148,8898764,10433910,13919688,11170986,11205448,5508925,11130689,10540341,6800951,2983417,11074242,9818033,4609927,10384770,7902088,7810378,6293891,10726840,6069891,3414913,3946471,12734992,5586400,3720446,12688932,8692907,4295346,5884568,5859120,4613949,7574557,12327280,3047196,3654884,3518135,1216298,2633573,7413406,4588054,5279350,4624639,6403166,12608419,3948090,6785898,9367344,4930145,1781719,4168079,5937688,6341875,3446765,7398265,10943576,4765698,4120158,10010723,11540876,10056048,7334079,10020587,2554361,4013423,6346514,1561597,11624651,11490026,6097369,5570507,4388242,9455845,11018148,4042699,6610410,11372572,10700796,10142273,5746996,5229733,9444410,3860195,13082558,8887423,3250187,4802097,12974831,13370602,11021929,7932711,9758056,6133883,7689187,4553072,10366073,10718073,7304611
12205170,13681747,2060476,15432056,6586580,14318457,14822391,10047859,13005878,11103179,9302312,2062013,13360687,10312148,3037757,10508398,3848506,0,6527330,13542257,10840826,15233895,13354084,11858428,10858807,8722778,11581738,6781381,16273471,16046492,6514932,4301508,14895592,18275618,9557179,11801245,2411654,4460817,6141757,6042093,8900364,12409504,4620202,14955493,3313907,15034188,11398399,11047782,13909102,3192962,11975072,11450162,5743146,7461892,2217438,9496806,4046198,12698884,5147414,7133626,14221738,13406358,2210680,7764023,16062212,13076947,13495185,2688559,1707121,5921744,13108024,10351332,13756102,8682665,14222560,4354137,13026035,12237386,13433088,14276622,8793410,1206554,4268650,9427770,14179894,9359031,5151940,1982512,12949816,3289748,12575017,7622937,8270664,9506430,11575941,14492527,7240848,7495515,14288531,7928165,13233951,15684411,7041778,9483476,10441409,2906783,6634294,1801001,10852267,7596709,15987125,9741327,14258057,17391356,10248794,6713515,13337405,10810134,8253372,18041593,1767311,9118699,11244414,5386789,15658355,11111017,14788704,13418604,14012948,13424178,15605533,8551996,8168615,15112188,10974083,11136693,14742485,14211773,13871128,13253109,15960585,11800525,9571522,9885655,4701665,14899697,11697408,12720772,8357447,10764801,2409246,18821714,14152955,2533849,12650315,13183109,17668483,12823178,14514070,9214950,14964330,13698826,10492572,5105644,14912042,13609857,5650996,13582863,11547823,11507123,9756675,14574014,9593442,6227723,4700092,16487070,8044640,331896,15768240,12478928,3855930,8679549,8269103,3662505,9443064,14505347,6394395,7051746,3016575,4925810,1417403,10189838,7379858,9121778,7420885,9959486,16382365,2078155,9322322,12078330,8342656,5621090,8014731,8797106,9784039,4662090,9983062,11860736,927686,7561392,13858373,15388416,12683096,7535234,12231046,1388245,3906923,10123753,3850534,14882341,14770042,9737814,8135827,1864642,12287284,14615182,304390,9805272,12550630,14411168,11512967,6450404,4912150,10760394,5859550,16485799,10124797,3762188,8084435,16664034,16890367,13272291,10605216,11826597,9719176,11172008,1268179,12722834,13689703,8974804
9679756,7189123,7052200,9567121,3291051,7918120,8570212,4719877,7703279,5878409,6659644,7116556,6934789,4887951,4538890,4057873,4283040,6527330,0,9506862,4369814,9760275,8884877,6386582,4890623,2803371,5114697,2723335,11371370,11558102,2575598,2272100,8612534,12459733,9498146,10837930,4561639,3984267,2445972,5925775,4660094,6567492,5451768,9387217,6082901,10525304,8400916,4728218,11174349,3520452,11466482,4927321,5799767,1067206,6182849,3585695,3745725,7464608,1955368,1751960,8262869,8009200,5235531,4101440,11430785,11723661,10985081,6572642,5583744,696571,7708114,3918974,8747829,7066108,8413654,3151714,7121522,6234521,9469964,9547961,4951214,7331504,3364432,4405466,7678109,9755853,3571535,7079330,6881704,7002329,12504391,6043451,2577183,4448650,5439994,8754670,2932620,1136280,7782815,8703856,6716742,10135643,3361486,6524559,8217320,4690520,1619561,4839973,5281485,2429613,10763314,8714222,8330616,11667709,7505154,7990602,7957178,10820194,2268229,12472856,7450354,8123606,7156678,1988151,9828847,4831158,8273717,11612148,7562381,7513242,11024638,2867886,1928339,10164908,4448742,4924770,10381730,9547905,8479940,7098336,11046551,10293830,5068740,3358571,1868707,10712706,10073663,7442005,3312626,9918699,6501090,13196964,8594708,4175310,7553827,6656877,12245514,6887962,8257456,4504222,10283302,7323738,5422511,7130778,10297114,10360331,1827141,7242978,9378065,6300041,8535266,10216689,4153260,7130092,2325812,11127816,1517618,6230871,9312624,9401832,3656631,9183238,9488145,4211664,3291635,8157955,6303290,6640376,3873905,3471150,6041578,10547247,1206084,5485245,8117321,4534710,11137313,5061748,10215358,5551888,7551359,3922967,5192645,2412892,8620787,7719709,10723753,6825387,7350070,6890766,9799114,10988851,6159042,4129270,5845867,5865964,3324516,5559901,3000633,8564901,8476778,7892972,9117015,5665105,5776640,8836256,6824110,9302820,7153982,8989693,5895479,2582188,3616130,5225101,691128,10293247,4712712,7505156,7679984,11054219,10865280,6874887,4080382,5527652,8093013,5385279,6368961,6270129,7208489,3045941
