0,22,40,48,7,85,59,51,75,31
22,0,18,62,24,64,50,41,53,48
40,18,0,73,41,46,44,35,35,62
48,62,73,0,41,103,56,55,100,17
7,24,41,41,0,83,53,46,75,25
85,64,46,103,83,0,50,48,14,98
59,50,44,56,53,50,0,9,51,56
51,41,35,55,46,48,9,0,47,52
75,53,35,100,75,14,51,47,0,92
31,48,62,17,25,98,56,52,92,0
