0,2830,4199,4702,5280,3412,4036,496,5785,3614,3539,2806,6656,5345,2295,1281,3639,1136,5698,4985,4724,5866,6699,6420,3903,5065,1074,1064,3072,4938,2409,2190,2299,4754,5139,6510,6099,1131,5688,2314,6805,4366,5082,2600,2021,4955,4577,2129,1550,878,3291,3382,6487,4549,3908,1574,5671,4929,5117,3770,1807,4128,6755,976,5041,4775,4000,5009,5428,7144,728,1853,6568,3823,4669,944,1059,5298,4019,5642
2830,0,6228,4528,4587,5346,2666,2802,4544,2958,5169,4167,6118,2621,1835,2388,5215,1703,6064,5000,6656,4341,5799,5382,4552,6969,2909,3672,2090,3646,504,3477,3550,3298,4194,5801,6228,1973,3979,2188,5901,1959,6995,4716,869,6585,6283,3333,4134,3708,3937,968,5847,1917,2818,4152,6044,4964,6491,5081,3884,2784,6185,2298,3286,6083,5326,4460,4078,6652,3396,1071,6216,1021,2210,2918,2483,3962,1782,6024
4199,6228,0,4116,5062,882,5425,4653,6079,4541,1236,2178,5601,7968,4544,5480,1272,4999,3680,3928,549,6519,6159,6178,2793,886,3449,3168,4861,5697,5725,2779,2725,5815,5341,5758,4263,4368,6658,4218,6236,6734,896,1608,5399,1152,829,2924,2741,3824,2924,6182,5644,7167,5079,2716,3654,3881,1695,1702,2457,5426,5711,5167,6334,1683,1610,4747,6024,5856,4383,5655,5269,6929,7002,5043,3841,5935,6335,3627
4702,4528,4116,0,946,3545,2185,5140,1983,1574,2971,2523,1965,4896,2901,5550,2891,4536,1647,508,4181,2481,2196,2104,1351,4328,3672,4400,2438,1847,4188,2701,2615,2127,1290,1894,1703,3848,2727,2642,2292,3766,4364,3701,4128,3610,3560,2691,4437,5121,1594,3857,1837,4289,1867,4428,1636,493,3145,2425,3597,2106,2068,5218,2647,2802,2510,636,2023,2442,5369,4738,1872,4620,3917,5570,3658,1966,3472,1623
5280,4587,5062,946,0,4479,1968,5679,1063,1755,3910,3393,1532,4431,3219,5976,3833,4930,2243,1251,5121,1607,1420,1213,2289,5259,4313,5124,2577,1232,4333,3459,3387,1602,525,1262,2049,4310,1932,3042,1526,3431,5295,4585,4359,4530,4497,3421,5219,5800,2437,3776,1278,3945,1769,5214,2242,1277,4038,3370,4392,1858,1604,5664,2041,3716,3456,326,1215,2066,5981,5000,1655,4466,3515,6086,4221,1199,3218,2241
3412,5346,882,3545,4479,0,4629,3885,5449,3756,591,1336,5219,7116,3668,4689,698,4148,3453,3449,1340,5848,5685,5647,2194,1675,2595,2426,4014,4984,4843,1900,1850,5067,4698,5315,4019,3499,5947,3346,5771,5886,1696,826,4520,1582,1191,2045,2058,3147,2177,5308,5215,6309,4293,2034,3424,3396,1903,1168,1623,4640,5330,4365,5574,1693,1208,4155,5347,5540,3679,4790,4932,6050,6160,4295,2975,5248,5485,3395
4036,2666,5425,2185,1968,4629,0,4326,1916,890,4191,3301,3480,2755,1742,4406,4170,3366,3832,2693,5673,1854,3133,2726,2864,5909,3319,4260,964,1005,2487,2948,2936,728,1534,3142,3839,2923,1653,1773,3236,1583,5943,4377,2604,5302,5126,2837,4529,4756,2515,1811,3197,2105,362,4533,3820,2676,4982,3821,3837,118,3540,4142,1044,4584,4013,1909,1477,4013,4764,3248,3622,2504,1757,4666,3056,1351,1292,3807
496,2802,4653,5140,5679,3885,4326,0,6129,3979,4029,3302,7084,5391,2592,855,4131,1123,6179,5441,5184,6174,7092,6796,4385,5526,1559,1488,3368,5262,2440,2679,2788,5052,5509,6921,6571,1410,5966,2665,7199,4492,5541,3066,2075,5438,5058,2611,1952,1050,3765,3473,6905,4621,4231,1977,6152,5386,5610,4266,2293,4424,7181,625,5302,5270,4496,5418,5753,7580,600,1752,7011,3819,4790,450,1482,5623,4170,6124
5785,4544,6079,1983,1063,5449,1916,6129,0,2179,4897,4279,1955,3790,3549,6290,4830,5241,3252,2314,6163,589,1335,872,3287,6311,4917,5799,2797,911,4400,4219,4164,1246,756,1519,2968,4721,1017,3472,1424,3006,6347,5471,4518,5587,5543,4154,5963,6408,3323,3624,1634,3473,1912,5961,3255,2340,5101,4378,5167,1800,1970,6010,1427,4775,4482,1347,476,2430,6508,5163,2263,4188,3000,6500,4745,582,2911,3257
3614,2958,4541,1574,1755,3756,890,3979,2179,0,3305,2439,3261,3596,1464,4227,3282,3178,3165,2060,4783,2346,3135,2818,1996,5019,2742,3642,870,1396,2639,2164,2136,1354,1530,3017,3277,2584,2300,1314,3242,2380,5053,3555,2623,4419,4237,2072,3846,4230,1625,2299,3029,2885,538,3846,3149,2028,4117,2931,3094,885,3343,3921,1829,3714,3125,1555,1866,3789,4334,3257,3300,3078,2595,4369,2567,1740,2029,3131
3539,5169,1236,2971,3910,591,4191,4029,4897,3305,0,1009,4628,6764,3410,4788,125,4131,2884,2859,1525,5314,5098,5067,1621,1814,2601,2647,3658,4473,4674,1697,1620,4581,4149,4724,3444,3433,5436,3069,5182,5526,1843,1148,4380,1456,1119,1839,2360,3415,1688,5030,4624,5972,3843,2339,2856,2807,1585,577,1740,4190,4739,4449,5098,1282,645,3587,4815,4952,3908,4723,4343,5797,5788,4461,2932,4721,5131,2826
2806,4167,2178,2523,3393,1336,3301,3302,4279,2439,1009,0,4403,5790,2401,3986,1048,3226,3009,2587,2528,4624,4719,4601,1292,2823,1770,2116,2684,3723,3674,721,629,3772,3523,4402,3489,2500,4680,2061,4815,4557,2852,1195,3393,2424,2116,853,2009,2902,959,4025,4330,4989,2972,1996,2980,2529,2413,994,1189,3316,4512,3638,4267,2032,1240,3067,4120,4809,3306,3772,4196,4788,4827,3750,2032,4012,4157,2950
6656,6118,5601,1965,1532,5219,3480,7084,1955,3261,4628,4403,0,5734,4713,7445,4524,6408,2026,1817,5509,2508,845,1230,3127,5555,5636,6358,4102,2616,5864,4657,4568,3006,1953,453,1500,5755,2967,4506,851,4856,5590,5533,5880,4792,4884,4653,6372,7086,3526,5291,322,5352,3300,6362,2045,1875,4204,4051,5531,3367,111,7123,3335,4001,4044,1708,2373,534,7331,6518,426,5956,4895,7507,5605,2429,4687,2064
5345,2621,7968,4896,4431,7116,2755,5391,3790,3596,6764,5790,5734,0,3529,5007,6766,4269,6534,5399,8284,3299,5102,4628,5592,8548,5124,6021,3107,3199,2952,5253,5283,2833,3908,5307,6458,4314,2823,3804,5179,1238,8580,6682,3329,7992,7780,5114,6428,6216,5162,1984,5414,829,3112,6440,6524,5389,7713,6474,5958,2812,5757,4916,2409,7309,6686,4493,3361,6220,5972,3691,5998,1613,1001,5536,4725,3313,1633,6514
2295,1835,4544,2901,3219,3668,1742,2592,3549,1464,3410,2401,4713,3529,0,2767,3442,1716,4318,3323,4926,3582,4593,4258,2726,5224,1679,2625,778,2671,1387,1769,1819,2463,2970,4481,4550,1184,3393,354,4700,2353,5253,3162,1242,4788,4506,1624,2969,3039,2103,1641,4490,2701,1641,2978,4296,3279,4664,3266,2431,1835,4798,2470,2751,4254,3509,3005,3162,5236,3022,1837,4724,2389,2653,2952,1350,3032,1957,4273
1281,2388,5480,5550,5976,4689,4406,855,6290,4227,4788,3986,7445,5007,2767,0,4882,1052,6735,5903,6005,6255,7360,7023,4958,6346,2216,2330,3494,5391,2156,3311,3419,5131,5737,7236,7081,1702,5989,2939,7467,4263,6363,3881,1873,6220,5846,3219,2803,1883,4314,3220,7237,4297,4380,2827,6709,5851,6353,4972,3074,4514,7534,350,5299,5996,5210,5744,5877,7958,1354,1334,7416,3396,4543,643,2002,5748,3994,6682
3639,5215,1272,2891,3833,698,4170,4131,4830,3282,125,1048,4524,6766,3442,4882,0,4209,2765,2764,1518,5256,5005,4983,1546,1792,2687,2759,3663,4425,4722,1752,1669,4543,4085,4627,3327,3504,5387,3097,5088,5528,1822,1272,4435,1386,1068,1891,2480,3530,1658,5053,4525,5979,3820,2459,2736,2713,1479,476,1845,4166,4635,4542,5064,1165,522,3513,4759,4842,4019,4791,4234,5825,5786,4565,3009,4667,5134,2706
1136,1703,4999,4536,4930,4148,3366,1123,5241,3178,4131,3226,6408,4269,1716,1052,4209,0,5796,4910,5488,5219,6309,5971,4051,5823,1553,2080,2444,4345,1317,2511,2614,4094,4685,6191,6108,746,4970,1904,6416,3379,5844,3400,953,5587,5236,2396,2568,2009,3397,2352,6195,3498,3330,2589,5771,4861,5638,4219,2543,3473,6497,777,4287,5257,4466,4704,4832,6926,1703,727,6393,2711,3673,1345,1200,4703,3069,5745
5698,6064,3680,1647,2243,3453,3832,6179,3252,3165,2884,3009,2026,6534,4318,6735,2765,5796,0,1139,3524,3829,2749,2941,1795,3545,4624,5122,3994,3407,5678,3513,3406,3729,2744,2305,583,5060,4175,4005,2797,5413,3580,3949,5559,2783,2913,3569,5002,5905,2423,5464,2162,5936,3510,4986,29,1156,2185,2333,4198,3753,2127,6388,4226,2019,2245,2078,3458,2194,6274,6124,1641,6241,5561,6628,4742,3437,5117,59
4985,5000,3928,508,1251,3449,2693,5441,2314,2060,2859,2587,1817,5399,3323,5903,2764,4910,1139,0,3930,2854,2241,2256,1310,4044,3930,4586,2913,2310,4643,2890,2794,2612,1694,1866,1231,4201,3145,3041,2324,4274,4080,3717,4562,3302,3300,2904,4570,5335,1743,4353,1773,4797,2375,4559,1128,58,2792,2288,3730,2614,1928,5564,3122,2484,2324,1009,2430,2229,5625,5158,1621,5121,4423,5879,3963,2388,3980,1116
4724,6656,549,4181,5121,1340,5673,5184,6163,4783,1525,2528,5509,8284,4926,6005,1518,5488,3524,3930,0,6634,6123,6185,2917,342,3935,3703,5181,5856,6155,3182,3116,6007,5444,5706,4104,4837,6810,4589,6193,7046,358,2124,5842,782,631,3327,3284,4369,3158,6553,5582,7497,5319,3259,3500,3888,1391,1860,2957,5664,5616,5687,6535,1509,1701,4817,6150,5718,4926,6129,5152,7315,7304,5579,4314,6069,6652,3476
5866,4341,6519,2481,1607,5848,1854,6174,589,2346,5314,4624,2508,3299,3582,6255,5256,5219,3829,2854,6634,0,1809,1335,3729,6799,5071,5985,2806,950,4261,4481,4439,1126,1193,2061,3557,4766,476,3563,1881,2643,6835,5802,4427,6089,6022,4401,6191,6545,3685,3388,2187,3070,1961,6191,3831,2876,5623,4818,5424,1752,2512,5996,1071,5283,4940,1858,504,2957,6594,5060,2836,3869,2589,6520,4854,616,2618,3832
6699,5799,6159,2196,1420,5685,3133,7092,1335,3135,5098,4719,845,5102,4593,7360,5005,6309,2749,2241,6123,1809,0,474,3511,6202,5733,6533,3901,2165,5606,4854,4777,2539,1636,446,2277,5713,2284,4442,107,4339,6238,5895,5677,5442,5493,4825,6609,7218,3784,4910,597,4808,3035,6602,2763,2292,4878,4529,5775,3015,799,7056,2762,4632,4562,1713,1804,1179,7401,6324,1262,5508,4335,7494,5640,1893,4229,2777
6420,5382,6178,2104,1213,5647,2726,6796,872,2818,5067,4601,1230,4628,4258,7023,4983,5971,2941,2256,6185,1335,474,0,3453,6289,5487,6320,3540,1736,5211,4667,4597,2099,1289,779,2531,5402,1810,4132,554,3878,6325,5791,5301,5537,5554,4626,6428,6979,3647,4478,926,4341,2660,6423,2951,2300,4996,4511,5604,2608,1212,6728,2295,4720,4569,1535,1346,1633,7132,5948,1613,5058,3867,7187,5364,1443,3780,2962
3903,4552,2793,1351,2289,2194,2864,4385,3287,1996,1621,1292,3127,5592,2726,4958,1546,4051,1795,1310,2917,3729,3511,3453,0,3108,2829,3364,2629,2940,4113,1720,1613,3108,2548,3162,2225,3308,3893,2382,3600,4370,3144,2407,3932,2453,2322,1774,3298,4136,655,4131,3077,4866,2502,3285,1768,1253,2121,1091,2467,2833,3238,4609,3641,1720,1216,1967,3239,3519,4485,4447,2905,4929,4591,4833,2958,3154,4005,1739
5065,6969,886,4328,5259,1675,5909,5526,6311,5019,1814,2823,5555,8548,5224,6346,1792,5823,3545,4044,342,6799,6202,6289,3108,0,4270,4045,5452,6047,6469,3492,3423,6214,5606,5777,4117,5166,6994,4883,6268,7310,36,2465,6162,763,787,3636,3625,4709,3400,6843,5648,7768,5552,3600,3523,4006,1364,2088,3296,5895,5660,6028,6745,1570,1903,4964,6322,5735,5267,6459,5184,7611,7563,5921,4645,6246,6919,3501
1074,2909,3449,3672,4313,2595,3319,1559,4917,2742,2601,1770,5636,5124,1679,2216,2687,1553,4624,3930,3935,5071,5733,5487,2829,4270,0,948,2386,4123,2411,1120,1229,3999,4229,5516,5028,947,4957,1549,5838,4002,4291,1861,2042,4052,3693,1055,1305,1494,2220,3152,5483,4296,3122,1317,4597,3873,4145,2756,1004,3393,5737,1869,4361,3783,2995,4025,4603,6112,1698,2210,5527,3772,4307,2009,426,4476,3615,4568
1064,3672,3168,4400,5124,2426,4260,1488,5799,3642,2647,2116,6358,6021,2625,2330,2759,2080,5122,4586,3703,5985,6533,6320,3364,4045,948,0,3334,5035,3198,1701,1793,4929,5089,6282,5587,1724,5889,2495,6637,4928,4059,1600,2809,4000,3613,1711,492,789,2843,4038,6235,5198,4049,515,5094,4528,4230,2980,943,4330,6464,2039,5304,3923,3186,4821,5508,6808,1262,2806,6206,4602,5233,1876,1303,5382,4546,5064
3072,2090,4861,2438,2577,4014,964,3368,2797,870,3658,2684,4102,3107,778,3494,3663,2444,3994,2913,5181,2806,3901,3540,2629,5452,2386,3334,0,1905,1771,2188,2203,1685,2266,3830,4138,1961,2616,841,4008,1873,5483,3636,1783,4928,4693,2058,3635,3799,2104,1507,3855,2316,886,3641,3976,2878,4708,3395,3002,1057,4179,3214,1985,4297,3619,2407,2395,4634,3800,2427,4162,2304,2146,3718,2100,2265,1474,3957
4938,3646,5697,1847,1232,4984,1005,5262,911,1396,4473,3723,2616,3199,2671,5391,4425,4345,3407,2310,5856,950,2165,1736,2940,6047,4123,5035,1905,0,3490,3542,3504,390,709,2233,3272,3852,963,2626,2264,2240,6083,4888,3608,5368,5262,3458,5242,5601,2807,2745,2311,2742,1031,5242,3402,2315,4952,4009,4481,889,2660,5117,820,4586,4155,1329,491,3136,5665,4252,2829,3357,2297,5621,3915,361,2080,3396
2409,504,5725,4188,4333,4843,2487,2440,4400,2639,4674,3674,5864,2952,1387,2156,4722,1317,5678,4643,6155,4261,5606,5211,4113,6469,2411,3198,1771,3490,0,2978,3054,3171,3978,5573,5874,1484,3939,1733,5711,2107,6496,4212,391,6096,5789,2835,3653,3286,3486,1065,5607,2184,2579,3670,5658,4603,6015,4599,3381,2605,5937,2002,3241,5609,4846,4178,3948,6397,3020,837,5933,1418,2391,2616,1985,3826,1844,5636
2190,3477,2779,2701,3459,1900,2948,2679,4219,2164,1697,721,4657,5253,1769,3311,1752,2511,3513,2890,3182,4481,4854,4667,1720,3492,1120,1701,2188,3542,2978,0,109,3517,3481,4588,3937,1781,4464,1455,4956,4038,3519,1448,2684,3136,2815,145,1761,2445,1148,3410,4537,4436,2658,1756,3485,2832,3133,1708,948,2986,4763,2961,3969,2747,1956,3147,3985,5108,2766,3051,4508,4150,4323,3129,1327,3866,3635,3456
2299,3550,2725,2615,3387,1850,2936,2788,4164,2136,1620,629,4568,5283,1819,3419,1669,2614,3406,2794,3116,4439,4777,4597,1613,3423,1229,1793,2203,3504,3054,109,0,3490,3423,4505,3832,1880,4433,1496,4878,4062,3450,1444,2766,3051,2736,224,1833,2543,1051,3458,4452,4469,2639,1827,3378,2736,3036,1609,1007,2971,4673,3069,3950,2648,1857,3073,3940,5015,2872,3145,4413,4206,4344,3238,1433,3823,3659,3349
4754,3298,5815,2127,1602,5067,728,5052,1246,1354,4581,3772,3006,2833,2463,5131,4543,4094,3729,2612,6007,1126,2539,2099,3108,6214,3999,4929,1685,390,3171,3517,3490,0,1087,2621,3625,3646,960,2466,2636,1850,6249,4907,3314,5557,5427,3420,5169,5455,2896,2379,2701,2354,880,5171,3722,2610,5171,4148,4439,628,3050,4870,535,4793,4312,1664,780,3526,5482,3953,3217,2973,1914,5394,3757,664,1694,3715
5139,4194,5341,1290,525,4698,1534,5509,756,1530,4149,3523,1953,3908,2970,5737,4085,4685,2744,1694,5444,1193,1636,1289,2548,5606,4229,5089,2266,709,3978,3481,3423,1087,0,1608,2574,4113,1451,2844,1742,2930,5642,4716,4042,4896,4830,3423,5233,5723,2567,3342,1664,3439,1400,5230,2742,1709,4435,3639,4428,1418,2009,5440,1516,4092,3753,685,737,2483,5855,4688,2135,4003,3001,5898,4087,696,2739,2739
6510,5801,5758,1894,1262,5315,3142,6921,1519,3017,4724,4402,453,5307,4481,7236,4627,6191,2305,1866,5706,2061,446,779,3162,5777,5516,6282,3830,2233,5573,4588,4505,2621,1608,0,1831,5564,2524,4299,493,4462,5813,5563,5613,5015,5077,4571,6330,6987,3487,4947,154,4950,2994,6322,2320,1920,4445,4151,5491,3026,452,6922,2919,4209,4171,1503,1952,915,7200,6256,839,5588,4487,7334,5452,2018,4313,2335
6099,6228,4263,1703,2049,4019,3839,6571,2968,3277,3444,3489,1500,6458,4550,7081,3327,6108,583,1231,4104,3557,2277,2531,2225,4117,5028,5587,4138,3272,5874,3937,3832,3625,2574,1831,0,5387,3944,4261,2313,5395,4151,4484,5790,3357,3496,3978,5497,6361,2808,5557,1680,5917,3546,5482,609,1272,2753,2883,4678,3747,1593,6737,4088,2602,2811,1966,3241,1618,6703,6382,1092,6311,5513,7016,5109,3241,5131,636
1131,1973,4368,3848,4310,3499,2923,1410,4721,2584,3433,2500,5755,4314,1184,1702,3504,746,5060,4201,4837,4766,5713,5402,3308,5166,947,1724,1961,3852,1484,1781,1880,3646,4113,5564,5387,0,4570,1271,5820,3271,5189,2798,1104,4889,4547,1659,2169,1943,2654,2330,5557,3498,2821,2186,5035,4150,4913,3489,1945,3018,5847,1370,3915,4528,3737,4064,4343,6264,1851,1293,5716,2878,3577,1785,530,4213,2910,5008
5688,3979,6658,2727,1932,5947,1653,5966,1017,2300,5436,4680,2967,2823,3393,5989,5387,4970,4175,3145,6810,476,2284,1810,3893,6994,4957,5889,2616,963,3939,4464,4433,960,1451,2524,3944,4570,0,3418,2357,2208,7029,5835,4135,6303,6210,4372,6129,6406,3770,3015,2645,2614,1840,6131,4174,3160,5866,4968,5393,1568,2976,5747,698,5511,5109,2136,718,3427,6415,4756,3280,3446,2133,6292,4706,761,2222,4173
2314,2188,4218,2642,3042,3346,1773,2665,3472,1314,3069,2061,4506,3804,354,2939,3097,1904,4005,3041,4589,3563,4442,4132,2382,4883,1549,2495,841,2626,1733,1455,1496,2466,2844,4299,4261,1271,3418,0,4549,2602,4912,2878,1559,4438,4160,1313,2795,2989,1753,1965,4298,2983,1602,2802,3982,2995,4310,2914,2189,1850,4595,2623,2812,3900,3156,2805,3115,5022,3040,2123,4490,2728,2895,3055,1292,2986,2200,3958
6805,5901,6236,2292,1526,5771,3236,7199,1424,3242,5182,4815,851,5179,4700,7467,5088,6416,2797,2324,6193,1881,107,554,3600,6268,5838,6637,4008,2264,5711,4956,4878,2636,1742,493,2313,5820,2357,4549,0,4430,6303,5989,5783,5507,5563,4928,6710,7323,3882,5009,636,4895,3140,6703,2813,2375,4938,4612,5875,3118,793,7163,2849,4699,4641,1816,1895,1139,7507,6430,1275,5603,4421,7601,5746,1987,4324,2828
4366,1959,6734,3766,3431,5886,1583,4492,3006,2380,5526,4557,4856,1238,2353,4263,5528,3379,5413,4274,7046,2643,4339,3878,4370,7310,4002,4928,1873,2240,2107,4038,4062,1850,2930,4462,5395,3271,2208,2602,4430,0,7342,5476,2429,6757,6543,3901,5306,5212,3926,1043,4547,523,1924,5317,5402,4258,6489,5236,4781,1660,4896,4103,1588,6083,5450,3436,2535,5372,5042,2934,5065,1245,306,4711,3625,2451,403,5389
5082,6995,896,4364,5295,1696,5943,5541,6347,5053,1843,2852,5590,8580,5253,6363,1822,5844,3580,4080,358,6835,6238,6325,3144,36,4291,4059,5483,6083,6496,3519,3450,6249,5642,5813,4151,5189,7029,4912,6303,7342,0,2482,6187,798,822,3663,3637,4720,3433,6873,5683,7799,5585,3612,3558,4042,1398,2122,3315,5929,5695,6045,6780,1606,1938,5000,6358,5769,5279,6481,5219,7640,7595,5935,4667,6282,6951,3536
2600,4716,1608,3701,4585,826,4377,3066,5471,3555,1148,1195,5533,6682,3162,3881,1272,3400,3949,3717,2124,5802,5895,5791,2407,2465,1861,1600,3636,4888,4212,1448,1444,4907,4716,5563,4484,2798,5835,2878,5989,5476,2482,0,3865,2405,2016,1578,1241,2325,2154,4792,5482,5859,4071,1218,3920,3660,2682,1627,858,4408,5643,3563,5381,2418,1771,4259,5298,5908,2853,4071,5293,5495,5765,3472,2268,5188,5073,3890
2021,869,5399,4128,4359,4520,2604,2075,4518,2623,4380,3393,5880,3329,1242,1873,4435,953,5559,4562,5842,4427,5677,5301,3932,6162,2042,2809,1783,3608,391,2684,2766,3314,4042,5613,5790,1104,4135,1559,5783,2429,6187,3865,0,5817,5499,2544,3268,2897,3289,1399,5637,2547,2644,3285,5537,4519,5766,4341,3024,2719,5959,1679,3441,5364,4590,4177,4081,6410,2646,647,5921,1809,2722,2282,1616,3955,2133,5513
4955,6585,1152,3610,4530,1582,5302,5438,5587,4419,1456,2424,4792,7992,4788,6220,1386,5587,2783,3302,782,6089,5442,5537,2453,763,4052,4000,4928,5368,6096,3136,3051,5557,4896,5015,3357,4889,6303,4438,5507,6757,798,2405,5817,0,392,3274,3640,4729,2832,6370,4885,7233,4941,3616,2761,3266,613,1534,3148,5278,4897,5886,6092,818,1309,4242,5620,4975,5258,6176,4421,7154,6997,5858,4388,5549,6375,2738
4577,6283,829,3560,4497,1191,5126,5058,5543,4237,1119,2116,4884,7780,4506,5846,1068,5236,2913,3300,631,6022,5493,5554,2322,787,3693,3613,4693,5262,5789,2815,2736,5427,4830,5077,3496,4547,6210,4160,5563,6543,822,2016,5499,392,0,2956,3248,4338,2623,6109,4953,7007,4768,3224,2889,3259,866,1309,2772,5110,4992,5515,5958,894,1117,4196,5542,5105,4869,5839,4532,6885,6791,5475,4040,5464,6154,2864
2129,3333,2924,2691,3421,2045,2837,2611,4154,2072,1839,853,4653,5114,1624,3219,1891,2396,3569,2904,3327,4401,4825,4626,1774,3636,1055,1711,2058,3458,2835,145,224,3420,3423,4571,3978,1659,4372,1313,4928,3901,3663,1578,2544,3274,2956,0,1810,2434,1173,3265,4524,4296,2555,1807,3542,2847,3259,1831,1023,2879,4758,2869,3864,2870,2080,3114,3907,5113,2729,2921,4517,4005,4188,3061,1224,3787,3498,3513
1550,4134,2741,4437,5219,2058,4529,1952,5963,3846,2360,2009,6372,6428,2969,2803,2480,2568,5002,4570,3284,6191,6609,6428,3298,3625,1305,492,3635,5242,3653,1761,1833,5169,5233,6330,5497,2169,6129,2795,6710,5306,3637,1241,3268,3640,3248,1810,0,1091,2847,4452,6272,5601,4290,25,4973,4512,3920,2763,841,4589,6480,2521,5573,3642,2946,4906,5703,6799,1642,3292,6189,5045,5610,2314,1706,5580,4916,4943
878,3708,3824,5121,5800,3147,4756,1050,6408,4230,3415,2902,7086,6216,3039,1883,3530,2009,5905,5335,4369,6545,7218,6979,4136,4709,1494,789,3799,5601,3286,2445,2543,5455,5723,6987,6361,1943,6406,2989,7323,5212,4720,2325,2897,4729,4338,2434,1091,0,3593,4245,6948,5414,4587,1116,5876,5277,4991,3766,1732,4838,7189,1675,5784,4695,3968,5507,6085,7547,576,2714,6951,4701,5517,1305,1700,5957,4853,5846
3291,3937,2924,1594,2437,2177,2515,3765,3323,1625,1688,959,3526,5162,2103,4314,1658,3397,2423,1743,3158,3685,3784,3647,655,3400,2220,2843,2104,2807,3486,1148,1051,2896,2567,3487,2808,2654,3770,1753,3882,3926,3433,2154,3289,2832,2623,1173,2847,3593,0,3581,3425,4401,2162,2838,2397,1685,2607,1314,2007,2508,3633,3966,3410,2195,1524,2112,3181,3966,3902,3794,3363,4376,4169,4212,2319,3078,3543,2369
3382,968,6182,3857,3776,5308,1811,3473,3624,2299,5030,4025,5291,1984,1641,3220,5053,2352,5464,4353,6553,3388,4910,4478,4131,6843,3152,4038,1507,2745,1065,3410,3458,2379,3342,4947,5557,2330,3015,1965,5009,1043,6873,4792,1399,6370,6109,3265,4452,4245,3581,0,5006,1169,2031,4465,5448,4324,6188,4836,4025,1924,5350,3064,2326,5776,5069,3691,3152,5823,4036,1892,5427,798,1327,3674,2746,3042,816,5430
6487,5847,5644,1837,1278,5215,3197,6905,1634,3029,4624,4330,322,5414,4490,7237,4525,6195,2162,1773,5582,2187,597,926,3077,5648,5483,6235,3855,2311,5607,4537,4452,2701,1664,154,1680,5557,2645,4298,636,4547,5683,5482,5637,4885,4953,4524,6272,6948,3425,5006,0,5040,3033,6263,2178,1828,4311,4050,5432,3082,349,6920,3018,4082,4063,1493,2054,825,7172,6278,688,5659,4581,7321,5431,2113,4387,2193
4549,1917,7167,4289,3945,6309,2105,4621,3473,2885,5972,4989,5352,829,2701,4297,5979,3498,5936,4797,7497,3070,4808,4341,4866,7768,4296,5198,2316,2742,2184,4436,4469,2354,3439,4950,5917,3498,2614,2983,4895,523,7799,5859,2547,7233,7007,4296,5601,5414,4401,1169,5040,0,2442,5613,5925,4781,6980,5705,5129,2183,5389,4177,2046,6572,5924,3957,3008,5863,5193,2966,5571,999,481,4795,3899,2933,861,5912
3908,2818,5079,1867,1769,4293,362,4231,1912,538,3843,2972,3300,3112,1641,4380,3820,3330,3510,2375,5319,1961,3035,2660,2502,5552,3122,4049,886,1031,2579,2658,2639,880,1400,2994,3546,2821,1840,1602,3140,1924,5585,4071,2644,4941,4768,2555,4290,4587,2162,2031,3033,2442,0,4292,3496,2354,4620,3464,3569,347,3368,4098,1311,4222,3653,1660,1522,3834,4636,3291,3407,2767,2112,4593,2893,1392,1608,3482
1574,4152,2716,4428,5214,2034,4533,1977,5961,3846,2339,1996,6362,6440,2978,2827,2459,2589,4986,4559,3259,6191,6602,6423,3285,3600,1317,515,3641,5242,3670,1756,1827,5171,5230,6322,5482,2186,6131,2802,6703,5317,3612,1218,3285,3616,3224,1807,25,1116,2838,4465,6263,5613,4292,0,4957,4501,3898,2744,831,4593,6470,2545,5577,3621,2927,4900,5702,6788,1667,3313,6178,5061,5620,2339,1720,5580,4927,4927
5671,6044,3654,1636,2242,3424,3820,6152,3255,3149,2856,2980,2045,6524,4296,6709,2736,5771,29,1128,3500,3831,2763,2951,1768,3523,4597,5094,3976,3402,5658,3485,3378,3722,2742,2320,609,5035,4174,3982,2813,5402,3558,3920,5537,2761,2889,3542,4973,5876,2397,5448,2178,5925,3496,4957,0,1144,2164,2304,4169,3742,2146,6362,4221,1995,2217,2074,3457,2218,6246,6101,1662,6225,5551,6601,4716,3435,5104,30
4929,4964,3881,493,1277,3396,2676,5386,2340,2028,2807,2529,1875,5389,3279,5851,2713,4861,1156,58,3888,2876,2292,2300,1253,4006,3873,4528,2878,2315,4603,2832,2736,2610,1709,1920,1272,4150,3160,2995,2375,4258,4042,3660,4519,3266,3259,2847,4512,5277,1685,4324,1828,4781,2354,4501,1144,0,2762,2237,3672,2598,1985,5512,3124,2449,2275,1024,2445,2287,5569,5113,1679,5094,4410,5825,3909,2401,3961,1131
5117,6491,1695,3145,4038,1903,4982,5610,5101,4117,1585,2413,4204,7713,4664,6353,1479,5638,2185,2792,1391,5623,4878,4996,2121,1364,4145,4230,4708,4952,6015,3133,3036,5171,4435,4445,2753,4913,5866,4310,4938,6489,1398,2682,5766,613,866,3259,3920,4991,2607,6188,4311,6980,4620,3898,2164,2762,0,1428,3324,4947,4308,6010,5706,412,1179,3765,5168,4371,5492,6179,3826,6982,6712,6044,4441,5107,6119,2143
3770,5081,1702,2425,3370,1168,3821,4266,4378,2931,577,994,4051,6474,3266,4972,476,4219,2333,2288,1860,4818,4529,4511,1091,2088,2756,2980,3395,4009,4599,1708,1609,4148,3639,4151,2883,3489,4968,2914,4612,5236,2122,1627,4341,1534,1309,1831,2763,3766,1314,4836,4050,5705,3464,2744,2304,2237,1428,0,2038,3808,4162,4625,4675,1039,249,3052,4325,4376,4218,4751,3766,5621,5483,4710,3026,4237,4850,2274
1807,3884,2457,3597,4392,1623,3837,2293,5167,3094,1740,1189,5531,5958,2431,3074,1845,2543,4198,3730,2957,5424,5775,5604,2467,3296,1004,943,3002,4481,3381,948,1007,4439,4428,5491,4678,1945,5393,2189,5875,4781,3315,858,3024,3148,2772,1023,841,1732,2007,4025,5432,5129,3569,831,4169,3672,3324,2038,0,3886,5639,2745,4873,3000,2249,4076,4929,5959,2183,3213,5350,4699,5077,2722,1416,4809,4381,4139
4128,2784,5426,2106,1858,4640,118,4424,1800,885,4190,3316,3367,2812,1835,4514,4166,3473,3753,2614,5664,1752,3015,2608,2833,5895,3393,4330,1057,889,2605,2986,2971,628,1418,3026,3747,3018,1568,1850,3118,1660,5929,4408,2719,5278,5110,2879,4589,4838,2508,1924,3082,2183,347,4593,3742,2598,4947,3808,3886,0,3426,4248,987,4552,3995,1808,1365,3899,4856,3363,3513,2609,1820,4768,3138,1238,1385,3729
6755,6185,5711,2068,1604,5330,3540,7181,1970,3343,4739,4512,111,5757,4798,7534,4635,6497,2127,1928,5616,2512,799,1212,3238,5660,5737,6464,4179,2660,5937,4763,4673,3050,2009,452,1593,5847,2976,4595,793,4896,5695,5643,5959,4897,4992,4758,6480,7189,3633,5350,349,5389,3368,6470,2146,1985,4308,4162,5639,3426,0,7214,3364,4107,4155,1793,2398,476,7431,6598,507,6007,4929,7602,5702,2460,4736,2166
976,2298,5167,5218,5664,4365,4142,625,6010,3921,4449,3638,7123,4916,2470,350,4542,777,6388,5564,5687,5996,7056,6728,4609,6028,1869,2039,3214,5117,2002,2961,3069,4870,5440,6922,6737,1370,5747,2623,7163,4103,6045,3563,1679,5886,5515,2869,2521,1675,3966,3064,6920,4177,4098,2545,6362,5512,6010,4625,2745,4248,7214,0,5063,5651,4864,5427,5606,7633,1201,1227,7086,3318,4391,620,1652,5476,3812,6334
5041,3286,6334,2647,2041,5574,1044,5302,1427,1829,5098,4267,3335,2409,2751,5299,5064,4287,4226,3122,6535,1071,2762,2295,3641,6745,4361,5304,1985,820,3241,3969,3950,535,1516,2919,4088,3915,698,2812,2849,1588,6780,5381,3441,6092,5958,3864,5573,5784,3410,2326,3018,2046,1311,5577,4221,3124,5706,4675,4873,987,3364,5063,0,5328,4842,2149,967,3834,5766,4059,3589,2801,1573,5616,4085,906,1547,4214
4775,6083,1683,2802,3716,1693,4584,5270,4775,3714,1282,2032,4001,7309,4254,5996,1165,5257,2019,2484,1509,5283,4632,4720,1720,1570,3783,3923,4297,4586,5609,2747,2648,4793,4092,4209,2602,4528,5511,3900,4699,6083,1606,2418,5364,818,894,2870,3642,4695,2195,5776,4082,6572,4222,3621,1995,2449,412,1039,3000,4552,4107,5651,5328,0,792,3432,4820,4212,5180,5787,3643,6570,6308,5709,4064,4754,5711,1970
4000,5326,1610,2510,3456,1208,4013,4496,4482,3125,645,1240,4044,6686,3509,5210,522,4466,2245,2324,1701,4940,4562,4569,1216,1903,2995,3186,3619,4155,4846,1956,1857,4312,3753,4171,2811,3737,5109,3156,4641,5450,1938,1771,4590,1309,1117,2080,2946,3968,1524,5069,4063,5924,3653,2927,2217,2275,1179,249,2249,3995,4155,4864,4842,792,0,3143,4452,4344,4432,5000,3740,5857,5692,4938,3272,4370,5066,2187
5009,4460,4747,636,326,4155,1909,5418,1347,1555,3587,3067,1708,4493,3005,5744,3513,4704,2078,1009,4817,1858,1713,1535,1967,4964,4025,4821,2407,1329,4178,3147,3073,1664,685,1503,1966,4064,2136,2805,1816,3436,5000,4259,4177,4242,4196,3114,4906,5507,2112,3691,1493,3957,1660,4900,2074,1024,3765,3052,4076,1808,1793,5427,2149,3432,3143,0,1421,2234,5703,4812,1757,4411,3547,5831,3950,1379,3191,2069
5428,4078,6024,2023,1215,5347,1477,5753,476,1866,4815,4120,2373,3361,3162,5877,4759,4832,3458,2430,6150,504,1804,1346,3239,6322,4603,5508,2395,491,3948,3985,3940,780,737,1952,3241,4343,718,3115,1895,2535,6358,5298,4081,5620,5542,3907,5703,6085,3181,3152,2054,3008,1522,5702,3457,2445,5168,4325,4929,1365,2398,5606,967,4820,4452,1421,0,2867,6155,4723,2645,3712,2540,6112,4403,130,2435,3456
7144,6652,5856,2442,2066,5540,4013,7580,2430,3789,4952,4809,534,6220,5236,7958,4842,6926,2194,2229,5718,2957,1179,1633,3519,5735,6112,6808,4634,3136,6397,5108,5015,3526,2483,915,1618,6264,3427,5022,1139,5372,5769,5908,6410,4975,5105,5113,6799,7547,3966,5823,825,5863,3834,6788,2218,2287,4371,4376,5959,3899,476,7633,3834,4212,4344,2234,2867,0,7810,7046,615,6483,5401,8006,6098,2932,5212,2242
728,3396,4383,5369,5981,3679,4764,600,6508,4334,3908,3306,7331,5972,3022,1354,4019,1703,6274,5625,4926,6594,7401,7132,4485,5267,1698,1262,3800,5665,3020,2766,2872,5482,5855,7200,6703,1851,6415,3040,7507,5042,5279,2853,2646,5258,4869,2729,1642,576,3902,4036,7172,5193,4636,1667,6246,5569,5492,4218,2183,4856,7431,1201,5766,5180,4432,5703,6155,7810,0,2352,7225,4411,5343,742,1768,6025,4707,6217
1853,1071,5655,4738,5000,4790,3248,1752,5163,3257,4723,3772,6518,3691,1837,1334,4791,727,6124,5158,6129,5060,6324,5948,4447,6459,2210,2806,2427,4252,837,3051,3145,3953,4688,6256,6382,1293,4756,2123,6430,2934,6481,4071,647,6176,5839,2921,3292,2714,3794,1892,6278,2966,3291,3313,6101,5113,6179,4751,3213,3363,6598,1227,4059,5787,5000,4812,4723,7046,2352,0,6549,2091,3210,1847,1815,4598,2681,6077
6568,6216,5269,1872,1655,4932,3622,7011,2263,3300,4343,4196,426,5998,4724,7416,4234,6393,1641,1621,5152,2836,1262,1613,2905,5184,5527,6206,4162,2829,5933,4508,4413,3217,2135,839,1092,5716,3280,4490,1275,5065,5219,5293,5921,4421,4532,4517,6189,6951,3363,5427,688,5571,3407,6178,1662,1679,3826,3766,5350,3513,507,7086,3589,3643,3740,1757,2645,615,7225,6549,0,6121,5126,7442,5529,2685,4869,1683
3823,1021,6929,4620,4466,6050,2504,3819,4188,3078,5797,4788,5956,1613,2389,3396,5825,2711,6241,5121,7315,3869,5508,5058,4929,7611,3772,4602,2304,3357,1418,4150,4206,2973,4003,5588,6311,2878,3446,2728,5603,1245,7640,5495,1809,7154,6885,4005,5045,4701,4376,798,5659,999,2767,5061,6225,5094,6982,5621,4699,2609,6007,3318,2801,6570,5857,4411,3712,6483,4411,2091,6121,0,1405,3938,3351,3616,1279,6208
4669,2210,7002,3917,3515,6160,1757,4790,3000,2595,5788,4827,4895,1001,2653,4543,5786,3673,5561,4423,7304,2589,4335,3867,4591,7563,4307,5233,2146,2297,2391,4323,4344,1914,3001,4487,5513,3577,2133,2895,4421,306,7595,5765,2722,6997,6791,4188,5610,5517,4169,1327,4581,481,2112,5620,5551,4410,6712,5483,5077,1820,4929,4391,1573,6308,5692,3547,2540,5401,5343,3210,5126,1405,0,5001,3930,2469,697,5539
944,2918,5043,5570,6086,4295,4666,450,6500,4369,4461,3750,7507,5536,2952,643,4565,1345,6628,5879,5579,6520,7494,7187,4833,5921,2009,1876,3718,5621,2616,3129,3238,5394,5898,7334,7016,1785,6292,3055,7601,4711,5935,3472,2282,5858,5475,3061,2314,1305,4212,3674,7321,4795,4593,2339,6601,5825,6044,4710,2722,4768,7602,620,5616,5709,4938,5831,6112,8006,742,1847,7442,3938,5001,0,1916,5982,4411,6572
1059,2483,3841,3658,4221,2975,3056,1482,4745,2567,2932,2032,5605,4725,1350,2002,3009,1200,4742,3963,4314,4854,5640,5364,2958,4645,426,1303,2100,3915,1985,1327,1433,3757,4087,5452,5109,530,4706,1292,5746,3625,4667,2268,1616,4388,4040,1224,1706,1700,2319,2746,5431,3899,2893,1720,4716,3909,4441,3026,1416,3138,5702,1652,4085,4064,3272,3950,4403,6098,1768,1815,5529,3351,3930,1916,0,4273,3244,4688
5298,3962,5935,1966,1199,5248,1351,5623,582,1740,4721,4012,2429,3313,3032,5748,4667,4703,3437,2388,6069,616,1893,1443,3154,6246,4476,5382,2265,361,3826,3866,3823,664,696,2018,3241,4213,761,2986,1987,2451,6282,5188,3955,5549,5464,3787,5580,5957,3078,3042,2113,2933,1392,5580,3435,2401,5107,4237,4809,1238,2460,5476,906,4754,4370,1379,130,2932,6025,4598,2685,3616,2469,5982,4273,0,2337,3432
4019,1782,6335,3472,3218,5485,1292,4170,2911,2029,5131,4157,4687,1633,1957,3994,5134,3069,5117,3980,6652,2618,4229,3780,4005,6919,3615,4546,1474,2080,1844,3635,3659,1694,2739,4313,5131,2910,2222,2200,4324,403,6951,5073,2133,6375,6154,3498,4916,4853,3543,816,4387,861,1608,4927,5104,3961,6119,4850,4381,1385,4736,3812,1547,5711,5066,3191,2435,5212,4707,2681,4869,1279,697,4411,3244,2337,0,5090
5642,6024,3627,1623,2241,3395,3807,6124,3257,3131,2826,2950,2064,6514,4273,6682,2706,5745,59,1116,3476,3832,2777,2962,1739,3501,4568,5064,3957,3396,5636,3456,3349,3715,2739,2335,636,5008,4173,3958,2828,5389,3536,3890,5513,2738,2864,3513,4943,5846,2369,5430,2193,5912,3482,4927,30,1131,2143,2274,4139,3729,2166,6334,4214,1970,2187,2069,3456,2242,6217,6077,1683,6208,5539,6572,4688,3432,5090,0
